x	measured	measured_err	extrapolated
0	nan	nan	-0.0539525
1	nan	nan	-0.0551192
2	nan	nan	-0.0562859
3	nan	nan	-0.0574526
4	nan	nan	-0.0586193
5	nan	nan	-0.059786
6	nan	nan	-0.0609527
7	nan	nan	-0.0621194
8	nan	nan	-0.0632861
9	nan	nan	-0.0644528
10	-0.0656307	0.00266584	nan
11	-0.0671126	0.00266584	nan
12	-0.0681472	0.00266584	nan
13	-0.0693074	0.00266584	nan
14	-0.0702986	0.00266584	nan
15	-0.0714736	0.00266584	nan
16	-0.072553	0.00266584	nan
17	-0.0737876	0.00266584	nan
18	-0.0749251	0.00266584	nan
19	-0.0760602	0.00266584	nan
20	-0.077264	0.00266584	nan
21	-0.0785019	0.00266584	nan
22	-0.0796681	0.00266584	nan
23	-0.0810021	0.00266584	nan
24	-0.0822561	0.00266584	nan
25	-0.0835543	0.00266584	nan
26	nan	nan	-0.0842868
27	nan	nan	-0.0854535
28	nan	nan	-0.0866202
29	nan	nan	-0.0877869
30	nan	nan	-0.0889536
31	nan	nan	-0.0901203
32	nan	nan	-0.091287
