x	worst_wrong	mean_wrong	best_wrong	true_weight
1	-15.6054	-5.22453	-3.64828	-3.85722
2	-51.6847	-8.35991	-4.38123	-5.1735
3	-61.1737	-11.5382	-6.18718	-7.41106
4	-74.8331	-13.8941	-7.8066	-9.05466
5	-96.1938	-16.1661	-9.63043	-10.6854
6	-115.816	-17.6558	-10.9529	-11.9243
7	-122.983	-28.3696	-16.5273	-18.0084
8	-136.061	-30.477	-17.2087	-18.7058
9	-152.351	-32.3429	-18.5566	-20.3063
10	-175.644	-33.6179	-19.9876	-21.213
11	-194.736	-37.7353	-23.4555	-24.906
12	-216.701	-39.2574	-24.5102	-26.3604
13	-252.516	-43.0845	-26.8596	-28.4039
14	-291.432	-48.4103	-31.4479	-31.636
15	-307.112	-58.2659	-40.5479	-42.028
16	-321.635	-62.2861	-42.9121	-44.5164
17	-351.453	-67.6684	-47.9425	-49.9519
18	-391.157	-73.8818	-49.8851	-53.0337
19	-414.223	-77.0515	-52.4897	-56.1162
20	-432.459	-80.9035	-55.4725	-59.6843
21	-454.732	-84.434	-59.2854	-62.6502
22	-474.605	-85.657	-60.7259	-63.5854
23	-498.004	-87.097	-62.5316	-64.4894
24	-512.812	-90.5261	-65.3537	-67.2496
25	-536.42	-95.1117	-69.5972	-71.4093
26	-550.092	-100.671	-74.0729	-76.4103
27	-575.6	-102.931	-76.132	-77.426
28	-599.629	-104.819	-78.9831	-78.8055
29	-609.05	-108.985	-82.0869	-80.4879
30	-627.193	-110.67	-83.652	-82.9755
31	-648.302	-112.823	-85.4025	-84.6365
32	-667.303	-115.162	-87.7284	-86.5815
33	-701.919	-121.232	-92.3019	-91.0408
34	-712.71	-128.468	-97.4758	-95.979
35	-723.06	-134.032	-102.637	-101.14
36	-747.32	-136.422	-105.753	-103.324
37	-768.325	-138.261	-107.049	-104.749
38	-780.284	-142.414	-110.397	-108.268
39	-796.344	-144.165	-111.373	-109.875
40	-812.949	-146.604	-112.914	-111.643
41	-831.051	-148.049	-114.281	-113.01
42	-853.392	-149.609	-115.681	-113.96
43	-880.48	-153.717	-119.265	-117.683
44	-903.579	-158.556	-124.346	-122.213
45	-930.072	-162.897	-127.596	-125.463
46	-942.055	-164.583	-127.985	-126.445
47	-952.489	-168.957	-132.335	-132.042
48	-964.405	-171.246	-133.315	-133.023
49	-995.599	-175.508	-137.178	-136.886
50	-1007.93	-178.246	-139.574	-139.281
51	-1018.24	-180.158	-140.835	-140.432
52	-1034.23	-184.183	-143.905	-143.623
53	-1059.06	-186.028	-145.179	-145.047
54	-1071.62	-187.669	-146.069	-146.598
55	-1114.69	-197.008	-152.459	-151.982
56	-1126.35	-202.277	-156.325	-155.848
57	-1156.19	-206.434	-160.367	-159.387
58	-1177.64	-208.944	-162.626	-161.42
59	-1193.8	-211.237	-164.071	-163.109
60	-1209.41	-212.769	-165.129	-164.469
61	-1226.45	-215.6	-167.106	-166.69
62	-1245.64	-216.95	-168.11	-167.59
63	-1262	-218.452	-169.125	-168.429
64	-1280.57	-220.634	-170.841	-170.222
65	-1298.95	-224.826	-173.952	-173.537
66	-1308.65	-227.174	-174.91	-174.495
67	-1319.52	-230.219	-177.705	-177.29
68	-1333.14	-235.99	-182.703	-183.364
69	-1353.94	-236.906	-183.477	-183.819
70	-1370.49	-242.735	-188.463	-188.979
71	-1382.71	-244.657	-189.829	-190.017
72	-1392.47	-249.687	-192.871	-193.059
73	-1422.42	-252.128	-193.729	-193.568
74	-1430.87	-257.663	-196.25	-197.304
75	-1450.55	-258.998	-197.139	-198.192
76	-1479.98	-263.467	-200.087	-200.928
77	-1505.97	-266.161	-202.171	-202.683
78	-1533.88	-269.307	-204.216	-204.251
79	-1564.29	-273.32	-207.676	-207.546
80	-1583.41	-274.631	-209.122	-208.487
81	-1610.8	-278.249	-211.622	-210.592
82	-1629.37	-279.598	-212.505	-211.818
83	-1646.42	-281.277	-213.706	-213.218
84	-1684.49	-289.502	-219.665	-218.649
85	-1719.51	-294.82	-221.239	-220.223
86	-1737.29	-296.401	-222.447	-221.843
87	-1749.76	-302.362	-226.364	-226.657
88	-1763.79	-304.002	-227.205	-227.568
89	-1774.05	-310.224	-232.75	-233.113
90	-1793.9	-311.6	-234.353	-234.218
91	-1808.72	-314.371	-236.064	-236.361
92	-1823.94	-316.647	-239.155	-239.452
93	-1834.81	-320.648	-241.146	-241.076
94	-1849.91	-322.423	-242.309	-242.239
95	-1873.38	-324.369	-244.344	-243.805
96	-1898.59	-327.406	-246.236	-245.696
97	-1909.67	-330.248	-247.206	-246.693
98	-1936.84	-333.903	-251.262	-250.075
99	-1956.7	-337.799	-254.615	-253.476
100	-1983.36	-340.966	-257.185	-256.16
101	-2018.1	-346.939	-264.347	-262.192
102	-2038.43	-348.708	-265.842	-264.272
103	-2051.88	-350.896	-267.048	-265.633
104	-2063.75	-354.031	-268.88	-267.505
105	-2084.06	-354.85	-269.556	-267.904
106	-2098.23	-358.498	-271.885	-271.195
107	-2119	-360.741	-274.314	-273.046
108	-2129.87	-363.553	-275.16	-274.309
109	-2148.48	-368.545	-279.564	-278.995
110	-2169.75	-372.471	-282.852	-282.232
111	-2189.51	-375.515	-285.836	-285.987
112	-2209.7	-376.821	-286.757	-286.805
113	-2228.75	-379.357	-289.02	-289.913
114	-2243.58	-384.19	-292.435	-293.569
115	-2262.01	-385.652	-294.638	-295.062
116	-2269.33	-392.106	-296.84	-298.366
117	-2282.32	-393.502	-297.497	-299.168
118	-2288.51	-399.288	-300.787	-302.578
119	-2304.36	-403.508	-303.892	-306.179
120	-2311.8	-407.296	-305.009	-307.508
121	-2323.55	-412.59	-308.763	-312.256
122	-2347.34	-416.202	-311.967	-315.863
123	-2373.7	-422.063	-317.091	-320.988
124	-2388.31	-423.656	-318.2	-322.096
125	-2405.7	-424.886	-318.951	-322.848
126	-2428.35	-426.485	-319.951	-323.785
127	-2451.37	-428.755	-322.28	-325.695
128	-2467.93	-430.056	-323.115	-327.074
129	-2487.47	-432.849	-325.492	-329.473
130	-2506.02	-435.108	-327.345	-331.325
131	-2520.51	-437.369	-328.199	-332.245
132	-2530.32	-439.98	-329.083	-333.425
133	-2554.9	-443.507	-332.041	-336.383
134	-2574.82	-445.617	-334.289	-338.14
135	-2588.62	-447.687	-335.542	-339.956
136	-2610.97	-450.297	-337.716	-342.13
137	-2614.91	-456.298	-338.919	-344.142
138	-2632.42	-460.816	-342.914	-348.66
139	-2654.08	-462.026	-343.64	-349.791
140	-2678.67	-466.251	-347.106	-352.817
141	-2701.43	-468.336	-349.105	-354.817
142	-2720.34	-472.275	-352.456	-358.167
143	-2730.42	-475.067	-353.252	-359.496
144	-2765.47	-481.156	-358.353	-364.22
145	-2786.87	-483.6	-359.848	-366.299
146	-2810.58	-486.53	-362.172	-368.612
147	-2827.02	-488.193	-364.134	-370
148	-2841.53	-489.413	-364.845	-370.688
149	-2858.92	-494.426	-369.2	-374.555
150	-2876.96	-497.517	-371.733	-376.948
151	-2886.04	-502.967	-375.867	-381.082
152	-2902.45	-503.984	-376.515	-382.241
153	-2919.31	-506.369	-378.207	-384.155
154	-2931.01	-512.977	-382.567	-389.582
155	-2947.37	-516.6	-385.235	-392.283
156	-2958.56	-521.489	-387.669	-394.961
157	-2967.57	-526.777	-391.419	-398.71
158	-2983.96	-528.032	-391.984	-399.776
159	-3000.59	-529.341	-392.707	-400.64
160	-3013.89	-530.545	-393.05	-400.982
161	-3023.1	-538.548	-398.367	-406.3
162	-3047.52	-540.896	-399.739	-407.963
163	-3060.61	-547.419	-403.829	-412.269
164	-3082.18	-551.054	-407.491	-415.486
165	-3097.47	-554.381	-410.906	-419.752
166	-3121.6	-558.483	-416.15	-424.265
167	-3138.96	-560.36	-418.31	-425.788
168	-3161.14	-562.35	-419.675	-427.615
169	-3176.54	-565.416	-421.7	-430.431
170	-3188.23	-569.171	-426.953	-436.625
171	-3204.94	-571.297	-428.205	-438.439
172	-3228.12	-574.828	-432.324	-441.791
173	-3264.54	-579.911	-435.229	-445.29
174	-3303.5	-585.365	-439.6	-448.28
175	-3315.15	-588.77	-442.495	-451.176
176	-3332.31	-590.884	-443.792	-452.472
177	-3349.35	-593.242	-445.844	-454.37
178	-3366.29	-596.548	-449.134	-457.204
179	-3377.87	-598.361	-449.797	-457.867
180	-3405.91	-600.296	-451.92	-458.956
181	-3416.28	-605.148	-454.067	-461.071
182	-3438.33	-608.403	-456.702	-463.897
183	-3451.94	-612.301	-459.027	-466.044
184	-3465.44	-614.247	-459.366	-466.802
185	-3492.35	-618.077	-462.575	-470.011
186	-3505.16	-621.848	-467.64	-473.894
187	-3530.37	-622.772	-469.126	-474.644
188	-3562.69	-626.273	-472.188	-477.706
189	-3580.48	-630.886	-476.124	-481.643
190	-3598.47	-633.076	-477.706	-483.331
191	-3609.76	-636.545	-479.639	-485.379
192	-3624.37	-638.607	-480.74	-486.47
193	-3639.25	-640.604	-482.273	-488.003
194	-3660.91	-642.144	-483.14	-488.871
195	-3684.59	-645.951	-486.413	-492.181
196	-3704.06	-649.082	-489.47	-494.888
197	-3738.88	-653.789	-491.583	-496.749
198	-3755.34	-657.635	-495.256	-500.014
199	-3768.55	-660.393	-497.569	-502.247
200	-3783.41	-661.392	-497.991	-502.989
201	-3802.08	-662.084	-498.307	-503.154
202	-3831.05	-664.757	-499.738	-504.585
203	-3851.63	-666.436	-501.195	-506.043
204	-3866.86	-669.799	-503.706	-508.264
205	-3882.36	-672.594	-505.548	-510.175
206	-3911.91	-678.965	-511.927	-515.851
207	-3934.46	-681.878	-514.405	-518.329
208	-3952.57	-685.915	-518.019	-521.943
209	-3958.38	-689.398	-520.079	-524.002
210	-3985.43	-692.163	-521.181	-525.105
211	-4005.25	-697.307	-526.279	-531.185
212	-4021.17	-699.413	-527.706	-532.862
213	-4032.34	-701.212	-528.472	-534.416
214	-4054.3	-703.673	-530.476	-536.42
215	-4065.22	-709.437	-533.065	-539.727
216	-4077.15	-713.088	-536.349	-544.021
217	-4090.81	-714.916	-537.813	-545.485
218	-4111.5	-720.674	-543.857	-552.497
219	-4124.2	-724.347	-547.029	-555.669
220	-4153.34	-728.57	-549.218	-557.857
221	-4179.9	-732.043	-552.847	-561.487
222	-4206.66	-735.905	-556.151	-565.013
223	-4228.41	-737.904	-557.449	-566.264
224	-4255.9	-741.314	-561.063	-569.057
225	-4276.3	-744.545	-564.2	-572.194
226	-4287.45	-747.321	-565.813	-574.327
227	-4311.55	-750.712	-568.511	-577.025
228	-4343.44	-753.802	-568.796	-577.31
229	-4366.82	-757.403	-571.836	-580.386
230	-4390.64	-762.052	-575.977	-584.415
231	-4412.43	-764.469	-578.049	-587.017
232	-4427.11	-766.46	-579.157	-588.499
233	-4439.85	-769.051	-580.218	-590.148
234	-4473.28	-771.568	-581.535	-590.82
235	-4485.41	-774.86	-584.039	-593.324
236	-4517.76	-778.794	-586.135	-595.42
237	-4545.67	-780.055	-587.173	-595.828
238	-4561.81	-780.923	-587.824	-596.479
239	-4575.5	-783.075	-589.198	-598.389
240	-4599.29	-789.736	-595.397	-604.93
241	-4607.77	-791.961	-596.98	-607.711
242	-4634.85	-795.268	-598.534	-609.265
243	-4662.46	-797.998	-599.432	-609.59
244	-4680.81	-801.5	-602.692	-612.667
245	-4690.83	-807.203	-604.954	-615.029
246	-4703.2	-810.791	-606.333	-616.674
247	-4715.09	-815.938	-609.666	-620.227
248	-4744.66	-819.091	-611.914	-621.845
249	-4756.14	-820.619	-613.253	-624.022
250	-4770.28	-824.03	-616.475	-628.231
251	-4792.17	-825.607	-618.728	-629.791
252	-4806.15	-830.155	-622.15	-634.054
253	-4846.99	-837.577	-628.538	-637.976
254	-4868.24	-841.704	-632.247	-641.685
255	-4888.79	-846.646	-636.554	-645.992
256	-4914.26	-850.208	-639.319	-648.756
257	-4935.35	-854.258	-642.954	-652.409
258	-4976.95	-860.826	-648.817	-656.765
259	-4990.33	-863.769	-650.91	-658.858
260	-5006.35	-865.661	-652.407	-660.233
261	-5029.2	-868.038	-654.37	-662.208
262	-5044.54	-871.068	-656.95	-665.285
263	-5062.61	-872.583	-658.21	-666.204
264	-5076.02	-875.06	-660.043	-668.695
265	-5091.02	-878.885	-663.371	-672.023
266	-5129.35	-887.558	-670.029	-676.957
267	-5135.89	-897.794	-674.25	-682.326
268	-5154.61	-899.578	-675.56	-683.591
269	-5170.99	-903.666	-678.324	-686.745
270	-5205.07	-907.365	-681.302	-689.233
271	-5221.62	-909.808	-683.555	-692.188
272	-5233.08	-913.023	-685.558	-694.722
273	-5273.45	-921.385	-692.069	-700.372
274	-5304.03	-925.087	-695.155	-702.77
275	-5323.41	-927.048	-696.719	-704.293
276	-5346.51	-928.644	-698.286	-705.326
277	-5367.98	-931.294	-700.617	-707.463
278	-5379.64	-933.035	-700.908	-707.711
279	-5390.16	-935.685	-702.136	-708.939
280	-5407.54	-938.248	-704.433	-711.236
281	-5422.29	-939.817	-705.906	-712.344
282	-5428.17	-945.139	-707.561	-715.153
283	-5440.39	-946.794	-708.38	-715.972
284	-5461.5	-948.885	-710.599	-718.191
285	-5486.14	-949.955	-711.923	-719.515
286	-5516.81	-956.774	-718.23	-725.822
287	-5527.72	-958.953	-719.128	-726.72
288	-5544.47	-964.249	-724.087	-731.679
289	-5560.25	-966.467	-725.856	-733.414
290	-5574.28	-968.473	-727.206	-734.856
291	-5590.25	-973.868	-731.198	-738.53
292	-5606.71	-980.843	-737.403	-745.122
293	-5637.3	-984.061	-739.889	-746.905
294	-5678.18	-989.52	-743.017	-749.249
295	-5690.73	-991.706	-744.69	-751.699
296	-5708.58	-993.108	-745.551	-752.981
297	-5722.09	-997.286	-748.999	-757.581
298	-5736.91	-1000.26	-751.424	-760.519
299	-5758.68	-1001.54	-751.556	-760.652
300	-5778.5	-1003.72	-753.154	-762.25
301	-5791.76	-1006.04	-754.031	-763.631
302	-5818.13	-1009.19	-756.655	-766.256
303	-5844.55	-1013.51	-761.219	-770.293
304	-5851.02	-1017.39	-762.247	-772.005
305	-5856.09	-1022.42	-764.729	-775.85
306	-5872.46	-1028.69	-769.677	-781.404
307	-5886.27	-1031.57	-773.771	-785.498
308	-5899.21	-1034.76	-775.97	-787.27
309	-5925.53	-1040.87	-781.936	-792.825
310	-5958.76	-1043.51	-783.067	-793.956
311	-5986.06	-1044.89	-783.613	-794.366
312	-6012.97	-1048.89	-785.725	-796.477
313	-6026.32	-1050.38	-786.577	-797.471
314	-6052.93	-1052.58	-788.224	-799.182
315	-6070.11	-1053.4	-788.594	-799.552
316	-6099.34	-1057.68	-792.421	-803.379
317	-6108.8	-1061.97	-796.218	-807.177
318	-6137.43	-1063.2	-796.784	-807.493
319	-6156.63	-1064.88	-798.244	-809.63
320	-6176.24	-1066.97	-799.838	-811.545
321	-6184.52	-1069.78	-801.478	-813.185
322	-6212.5	-1071.47	-802.075	-813.782
323	-6231.44	-1074.39	-804.525	-816.355
324	-6240.78	-1078.83	-807.095	-819.373
325	-6261.81	-1082.22	-810.1	-822.341
326	-6282.43	-1088.05	-815.649	-828.52
327	-6315.91	-1092.59	-818.874	-831.745
328	-6357.96	-1097.33	-822.113	-833.751
329	-6374.85	-1099.43	-824.486	-836.124
330	-6391.18	-1101.76	-827.654	-838.536
331	-6404.39	-1104.35	-829.042	-840.896
332	-6418.21	-1107.3	-832.043	-844.854
333	-6444.88	-1111.21	-835.694	-848.241
334	-6459.06	-1113.16	-837.812	-850.359
335	-6481.67	-1116.31	-840.368	-852.988
336	-6493.75	-1119.57	-841.471	-854.174
337	-6518.48	-1123.14	-845.89	-857.845
338	-6540.78	-1125.35	-847.895	-859.503
339	-6555.99	-1127.35	-849.374	-861.407
340	-6576.07	-1130.87	-852.81	-864.471
341	-6599.38	-1133.6	-855.104	-866.793
342	-6619.68	-1134.75	-855.653	-867.342
343	-6638.14	-1139.52	-859.955	-871.643
344	-6670.45	-1143.28	-861.998	-873.142
345	-6676.95	-1148.3	-864.185	-876.473
346	-6699.18	-1149.91	-865.13	-877.359
347	-6719.9	-1156.39	-871.379	-883.608
348	-6739.68	-1160.38	-874.837	-887.215
349	-6777.03	-1164.41	-876.903	-889.281
350	-6792.47	-1166.78	-878.754	-891.549
351	-6811.8	-1167.5	-879.245	-891.835
352	-6825.75	-1169.12	-880.16	-892.402
353	-6846.05	-1172.84	-883.39	-895.982
354	-6861.78	-1175.54	-885.596	-898.189
355	-6874.1	-1178.56	-887.229	-900.525
356	-6896.39	-1180.93	-889.168	-902.506
357	-6927.62	-1183	-890.62	-903.556
358	-6947.18	-1185.36	-893.071	-905.556
359	-6958.54	-1188.38	-894.822	-907.307
360	-6985.97	-1191.83	-900.806	-911.722
361	-7014.71	-1195.56	-903.583	-914.499
362	-7042.21	-1197.98	-905.353	-915.809
363	-7059	-1199.63	-906.738	-917.761
364	-7081.34	-1200.64	-907.387	-918.341
365	-7097.76	-1203.85	-910.012	-921.668
366	-7122.7	-1206.29	-911.418	-923.234
367	-7150.08	-1210.14	-914.309	-925.786
368	-7177.66	-1211.79	-914.785	-926.263
369	-7212.17	-1216.33	-918.575	-929.599
370	-7245.89	-1224.88	-926.893	-936.96
371	-7268.21	-1228.48	-930.22	-940.287
372	-7280.85	-1232.85	-933.128	-943.195
373	-7299.33	-1236.31	-936.843	-946.362
374	-7328.99	-1239.21	-938.024	-947.266
375	-7357.82	-1243.04	-939.661	-948.903
376	-7372.98	-1249.82	-944.236	-953.871
377	-7399.82	-1256.19	-950.584	-959.834
378	-7429.86	-1260.7	-955.042	-963.741
379	-7444.99	-1263.58	-957.181	-965.88
380	-7462.97	-1266.9	-959.992	-968.862
381	-7482.87	-1268.23	-960.75	-969.815
382	-7493.95	-1274.2	-963.893	-973.273
383	-7508.55	-1280.39	-969.474	-978.853
384	-7534.68	-1283.11	-971.309	-980.284
385	-7560.52	-1285.74	-973.35	-981.514
386	-7578.39	-1291.61	-978.35	-986.515
387	-7613.04	-1296.53	-979.193	-987.357
388	-7634.29	-1298.7	-980.769	-989.104
389	-7653.43	-1301.43	-982.972	-991.307
390	-7683.14	-1304.25	-985.988	-993.181
391	-7697.72	-1307.42	-987.819	-995.493
392	-7735.8	-1313.86	-994.547	-1001.11
393	-7764.83	-1318.02	-998.133	-1004.74
394	-7782.76	-1319.8	-999.44	-1006.04
395	-7795.74	-1322.67	-1001.96	-1008.56
396	-7816.28	-1323.81	-1003.56	-1009.54
397	-7839.63	-1326.34	-1004.94	-1010.92
398	-7862.63	-1335.88	-1014.35	-1021.01
399	-7886.59	-1338.37	-1016.21	-1022.78
400	-7907.8	-1340.54	-1018.67	-1024.61
401	-7938.07	-1342.91	-1021.07	-1026.26
402	-7958.73	-1344.98	-1022.68	-1028.05
403	-7991.69	-1350.12	-1025.49	-1030.86
404	-8021.94	-1352.74	-1028.83	-1033.12
405	-8036.03	-1354.55	-1030.03	-1034.41
406	-8054.73	-1357.62	-1032.48	-1036.97
407	-8070.23	-1360.14	-1035.07	-1040.33
408	-8087.76	-1363.81	-1038.38	-1043.64
409	-8099.33	-1364.83	-1038.58	-1043.84
410	-8122.67	-1367.74	-1040.39	-1045.65
411	-8148.74	-1369.81	-1041.86	-1046.75
412	-8172.02	-1373.05	-1044.63	-1049.52
413	-8190.62	-1376.14	-1046.86	-1051.84
414	-8215.94	-1378.41	-1048.79	-1053.52
415	-8244.93	-1380.84	-1050.64	-1055.21
416	-8288.7	-1387.12	-1056.22	-1059.68
417	-8317.16	-1390.64	-1059.55	-1062.48
418	-8339.19	-1392.25	-1060.71	-1063.6
419	-8377.59	-1398.95	-1062.95	-1065.83
420	-8396.23	-1403.71	-1066.91	-1070.43
421	-8422.21	-1405.69	-1068.72	-1071.85
422	-8445.27	-1406.97	-1070.96	-1073.28
423	-8461.88	-1408.27	-1072.71	-1074.36
424	-8478.89	-1412.54	-1076.31	-1078.44
425	-8488.36	-1414.77	-1076.99	-1079.71
426	-8511.37	-1416.88	-1080.79	-1082.26
427	-8547.77	-1420.45	-1085.66	-1085.55
428	-8567.75	-1421.3	-1087.88	-1086.82
429	-8594.77	-1424.12	-1089.4	-1088.27
430	-8637.7	-1433.31	-1095.72	-1093.54
431	-8655.39	-1437.28	-1098.83	-1096.54
432	-8693.57	-1442.69	-1101.9	-1098.73
433	-8714.9	-1447.51	-1106.45	-1102.93
434	-8730.55	-1450.42	-1108.41	-1105.65
435	-8750.62	-1457.65	-1115.14	-1112.37
436	-8771.35	-1460.85	-1117.93	-1115.42
437	-8780.04	-1465.82	-1120.4	-1118.27
438	-8818.16	-1471.68	-1125.57	-1122.25
439	-8827.23	-1475.69	-1128.27	-1124.95
440	-8843.21	-1479.63	-1131.64	-1129.2
441	-8881.43	-1485.6	-1134.38	-1131.42
442	-8892.57	-1490.08	-1136.1	-1133.35
443	-8924.25	-1493.75	-1138.41	-1134.84
444	-8933.99	-1498.23	-1141.15	-1137.94
445	-8959.66	-1501.04	-1145.99	-1141.42
446	-8989.69	-1502.46	-1147.63	-1142.24
447	-9008.37	-1505.14	-1149.83	-1144.51
448	-9033.67	-1509.23	-1153.43	-1148.11
449	-9052.95	-1512.98	-1156.71	-1151.59
450	-9076.99	-1515.21	-1158.91	-1153.23
451	-9098.94	-1518.03	-1161.49	-1155.56
452	-9120.1	-1521.62	-1164.6	-1158.97
453	-9143.73	-1524.55	-1167.1	-1161.47
454	-9153.9	-1527.9	-1170.2	-1164.57
455	-9162.34	-1532.4	-1171.15	-1165.94
456	-9185.51	-1533.78	-1172.04	-1167.12
457	-9210.44	-1536.53	-1174.43	-1169.29
458	-9248.05	-1541.73	-1178.01	-1171.56
459	-9271.22	-1543.57	-1180.45	-1173.13
460	-9282.2	-1545.1	-1181.35	-1174.08
461	-9299.88	-1549.78	-1185.3	-1177.61
462	-9318.08	-1550.76	-1186.33	-1178.22
463	-9329.63	-1558.55	-1190.65	-1183.26
464	-9352.21	-1561.22	-1193.69	-1185.59
465	-9374.64	-1563.9	-1195.56	-1187.46
466	-9396.79	-1567.21	-1198.53	-1190.43
467	-9419.34	-1570.25	-1202.26	-1194.16
468	-9449.54	-1573.02	-1204.41	-1195.56
469	-9461.68	-1575.1	-1205.61	-1196.76
470	-9497.78	-1582.08	-1212.73	-1202.95
471	-9537.85	-1588.04	-1215.82	-1206.04
472	-9563.23	-1593	-1220.85	-1211.07
473	-9602.68	-1599.25	-1223.22	-1212.98
474	-9633.5	-1602.78	-1225.3	-1214.29
475	-9674.08	-1610.56	-1228.94	-1217.93
476	-9699.67	-1613.86	-1232.96	-1220.97
477	-9720.72	-1616.5	-1235.12	-1223.28
478	-9748.39	-1618.95	-1237.52	-1225.17
479	-9766.91	-1621.96	-1239.56	-1227.28
480	-9782.05	-1626.74	-1244.06	-1231.77
481	-9804.78	-1628.74	-1246.51	-1233.41
482	-9821.24	-1630.2	-1247.73	-1234.42
483	-9838.89	-1631.23	-1248.61	-1236.08
484	-9866.43	-1638.81	-1255.74	-1243.2
485	-9877.85	-1645.76	-1261.18	-1249.14
486	-9900.36	-1647.65	-1263.1	-1250.65
487	-9920.27	-1651.25	-1266.59	-1254.14
488	-9942.65	-1652.29	-1267.27	-1254.75
489	-9958.98	-1654.78	-1269.11	-1256.9
490	-9990.87	-1658.92	-1274.16	-1260.87
491	-10010.5	-1660.26	-1275.18	-1261.75
492	-10045.1	-1665.6	-1277.61	-1264.59
493	-10075.2	-1672.04	-1283.83	-1270.42
494	-10090.9	-1675.03	-1285.76	-1273.06
495	-10123.1	-1678.17	-1286.24	-1273.43
496	-10154.6	-1682.51	-1290.14	-1277.33
497	-10176.3	-1685.62	-1293.5	-1280.22
498	-10192.7	-1689.79	-1297.26	-1283.98
499	-10220.3	-1692.03	-1300.61	-1286.03
500	-10252.8	-1696.89	-1304.78	-1289.33
501	-10271.8	-1698.77	-1306.16	-1290.71
502	-10285.4	-1700.96	-1309.46	-1294.01
503	-10312.1	-1705.53	-1313.99	-1297.96
504	-10324.4	-1708.31	-1315.1	-1299.72
505	-10336.8	-1710.73	-1316.75	-1302.42
506	-10355.6	-1714.98	-1321.36	-1306.44
507	-10387.5	-1717.05	-1326.13	-1309.6
508	-10407.8	-1720.63	-1329.49	-1313.72
509	-10437.2	-1725.04	-1334.09	-1317.44
510	-10450.7	-1729.68	-1337.89	-1321.24
511	-10470.4	-1731.29	-1339.71	-1322.52
512	-10486.7	-1732.91	-1342.51	-1324.38
513	-10504.1	-1735.55	-1344.33	-1326.35
514	-10524.5	-1736.53	-1346.73	-1327.76
515	-10553.2	-1740.29	-1350.03	-1331.06
516	-10570.9	-1745.88	-1354.28	-1335.42
517	-10588.8	-1747.19	-1356.25	-1336.64
518	-10606.6	-1748.01	-1356.64	-1337.01
519	-10633.2	-1751	-1359.64	-1339.25
520	-10645.2	-1755.56	-1362.57	-1342.38
521	-10674.6	-1758.71	-1364.27	-1344.09
522	-10691.9	-1761.93	-1368.31	-1347.16
523	-10701.3	-1769.52	-1373.22	-1352.07
524	-10724.4	-1772.5	-1375.68	-1355.01
525	-10742.4	-1777.99	-1379.74	-1359.45
526	-10759.1	-1781.63	-1382.58	-1362.19
527	-10777.4	-1783.02	-1383.51	-1363.11
528	-10798.1	-1785.1	-1385.29	-1364.72
529	-10808.2	-1789.42	-1387.03	-1366.57
530	-10824.8	-1791.8	-1388.83	-1368.67
531	-10834	-1796.54	-1391.2	-1371.26
532	-10867	-1799.32	-1393.85	-1372.9
533	-10890	-1804.92	-1399.5	-1378.13
534	-10896.2	-1811.1	-1402.34	-1380.97
535	-10916.7	-1813.02	-1404.5	-1382.54
536	-10927.6	-1815.11	-1405.07	-1383.83
537	-10956.9	-1818.56	-1407.8	-1385.5
538	-10977	-1821.85	-1410.56	-1388.24
539	-10986.2	-1825.33	-1411.74	-1389.41
540	-11011.7	-1827.56	-1413.25	-1390.6
541	-11028	-1828.99	-1414.19	-1391.77
542	-11044	-1831.61	-1415.78	-1393.63
543	-11057.3	-1834.03	-1417.61	-1395.26
544	-11074.6	-1836	-1419.24	-1396.89
545	-11080.8	-1839.47	-1420.13	-1397.78
546	-11108.7	-1845.93	-1425.97	-1403.62
547	-11117.5	-1850.02	-1427.35	-1405
548	-11122.4	-1854.66	-1429.21	-1406.86
549	-11145.7	-1859.65	-1433.71	-1411.58
550	-11160.1	-1863.91	-1436.95	-1415.55
551	-11181.7	-1868.63	-1441.22	-1419.82
552	-11204.6	-1870.92	-1442.54	-1421.14
553	-11239	-1876.79	-1449.54	-1427.02
554	-11247.8	-1880.76	-1451.69	-1428.73
555	-11295.7	-1889.08	-1458.18	-1433.74
556	-11323	-1891.75	-1460.95	-1435.67
557	-11332	-1895.28	-1462.21	-1436.93
558	-11348.3	-1902.36	-1468.25	-1442.82
559	-11374.8	-1905.16	-1470.36	-1444.59
560	-11391.8	-1907.36	-1472.76	-1446.42
561	-11411.8	-1908.96	-1474.56	-1447.75
562	-11432.5	-1915.79	-1480.92	-1454
563	-11459.5	-1918.66	-1483.59	-1456.23
564	-11483.9	-1920.41	-1485.13	-1457.08
565	-11498.8	-1922.57	-1486.58	-1458.58
566	-11528.7	-1928.68	-1492.48	-1464.06
567	-11546.8	-1929.94	-1493.34	-1465.27
568	-11571.4	-1931.49	-1495.61	-1466.46
569	-11595.9	-1933.77	-1497.34	-1468.02
570	-11615.2	-1934.58	-1497.72	-1468.94
571	-11642.7	-1936.96	-1499.82	-1470.57
572	-11678.6	-1942.27	-1503.6	-1473.2
573	-11715.8	-1952.2	-1513.44	-1482.26
574	-11762.9	-1960.37	-1524.25	-1491
575	-11797.3	-1965.05	-1526.93	-1493.68
576	-11822.3	-1967.04	-1528.03	-1494.48
577	-11864.4	-1976.18	-1529.68	-1497.44
578	-11877.1	-1977.01	-1530.05	-1497.96
579	-11900	-1979.1	-1531.59	-1499.78
580	-11922.2	-1981.39	-1534.41	-1502.03
581	-11942.5	-1984.01	-1537.85	-1504.72
582	-11962.4	-1985.28	-1539.42	-1505.78
583	-11974.7	-1989.15	-1542.92	-1509.27
584	-12000.1	-1992.12	-1544.6	-1510.95
585	-12032.6	-1997.05	-1547.32	-1513.67
586	-12060.3	-2002.77	-1553.04	-1518.82
587	-12101.2	-2007.53	-1555.3	-1520.28
588	-12115.9	-2010.99	-1557.81	-1523.76
589	-12137.4	-2013.31	-1559.42	-1525.38
590	-12149.3	-2018.59	-1563.12	-1529.75
591	-12164.6	-2019.47	-1563.54	-1530.17
592	-12183.6	-2021.28	-1565.24	-1531.5
593	-12221.1	-2028.41	-1572.09	-1536.8
594	-12231.2	-2036.81	-1578.16	-1542.86
595	-12252.4	-2038.16	-1580.06	-1544.06
596	-12267.3	-2042.76	-1583.31	-1547.29
597	-12293.5	-2045.58	-1585.42	-1549.09
598	-12314.3	-2049.02	-1588.83	-1552.18
599	-12347.5	-2054.41	-1592.05	-1555.05
600	-12375.2	-2057.91	-1594.78	-1557.78
601	-12392.5	-2062.23	-1597.95	-1561.29
602	-12418.9	-2064.89	-1599.82	-1563.16
603	-12431.7	-2066.49	-1600.47	-1563.81
604	-12463	-2070.57	-1602.83	-1566.17
605	-12498.7	-2073.54	-1607.61	-1569.44
606	-12516.9	-2074.82	-1608.41	-1570.24
607	-12538.5	-2077.46	-1610.42	-1572.38
608	-12554.1	-2081.45	-1613.43	-1575.11
609	-12565.1	-2086.92	-1616.99	-1579.44
610	-12581.9	-2089.63	-1619.49	-1582.57
611	-12595.7	-2094.43	-1622.42	-1586.16
612	-12628.9	-2097.68	-1624.68	-1587.89
613	-12643.9	-2100.22	-1626.94	-1589.87
614	-12657.2	-2104.11	-1629.03	-1591.89
615	-12680.2	-2109.15	-1633.72	-1596.44
616	-12702.2	-2110.65	-1634.86	-1597.55
617	-12716.1	-2111.95	-1635.63	-1598.77
618	-12724	-2116.44	-1638.26	-1601.4
619	-12747.5	-2118.72	-1639.85	-1602.99
620	-12766.9	-2121.44	-1642.04	-1604.88
621	-12796	-2124.59	-1646.23	-1607.68
622	-12812.2	-2126.04	-1647.04	-1608.7
623	-12833.7	-2129.22	-1649.87	-1611.35
624	-12854.7	-2131.13	-1651.59	-1612.83
625	-12871.2	-2134.3	-1654.3	-1615.14
626	-12905.4	-2138.09	-1658.1	-1617.91
627	-12925.7	-2139.26	-1658.98	-1618.54
628	-12954	-2143.59	-1662.78	-1621.96
629	-12969.2	-2144.52	-1663.23	-1622.67
630	-12996.5	-2145.99	-1664.7	-1623.58
631	-13019.4	-2149.84	-1668.54	-1627.42
632	-13031.5	-2151.63	-1670.8	-1629.82
633	-13056.2	-2154.57	-1672.98	-1631.37
634	-13083.1	-2160.29	-1679.43	-1636.94
635	-13093.7	-2165.08	-1681.93	-1639.54
636	-13113.5	-2166.99	-1683.55	-1641.16
637	-13150.5	-2173.87	-1686.43	-1644.04
638	-13170.6	-2176.99	-1689.13	-1646.69
639	-13192.5	-2177.56	-1689.79	-1646.89
640	-13203	-2181.02	-1691.5	-1648.6
641	-13233.4	-2186.18	-1696.85	-1652.99
642	-13253.3	-2188.91	-1700.26	-1655.74
643	-13280.2	-2191.68	-1703.14	-1657.86
644	-13308	-2194.7	-1705.44	-1660.17
645	-13330.5	-2198.59	-1709.04	-1663.58
646	-13351.5	-2200.29	-1710.16	-1664.69
647	-13376.2	-2202.01	-1711.57	-1666.1
648	-13392.6	-2204.29	-1713.44	-1667.52
649	-13410.1	-2205.96	-1714.53	-1668.61
650	-13421.9	-2207.68	-1716.06	-1669.48
651	-13449.1	-2211.54	-1718.7	-1671.71
652	-13462.1	-2214.78	-1722.56	-1676.84
653	-13483.3	-2215.91	-1722.79	-1677.07
654	-13512.8	-2219.64	-1725.98	-1680.17
655	-13543	-2223.04	-1728.12	-1681.63
656	-13567	-2224.59	-1730.81	-1683.47
657	-13582.4	-2228.27	-1733.94	-1687.23
658	-13614.5	-2230.79	-1735.77	-1688.64
659	-13640.4	-2231.92	-1736.17	-1689.01
660	-13679	-2237.45	-1737.82	-1690.04
661	-13697.7	-2238.86	-1739.31	-1691.05
662	-13723.7	-2241.09	-1739.95	-1691.69
663	-13743.8	-2242.39	-1740.87	-1693.18
664	-13772.2	-2245.21	-1742.33	-1694.53
665	-13807.2	-2249.59	-1744.31	-1695.8
666	-13826.6	-2251.86	-1746.08	-1697.5
667	-13847.6	-2254.28	-1748.17	-1699.39
668	-13865.3	-2255.93	-1749.41	-1700.69
669	-13899.2	-2259.19	-1751.72	-1702.55
670	-13922.5	-2263.14	-1755.45	-1706.02
671	-13935.4	-2266.05	-1757.55	-1708.12
672	-13953	-2268.64	-1759.61	-1710.33
673	-13980.4	-2271.71	-1761.9	-1712.2
674	-13994.6	-2272.38	-1762.12	-1712.46
675	-14027.8	-2276.8	-1765.5	-1715.84
676	-14051.4	-2279.6	-1767.52	-1717.86
677	-14073.3	-2283.28	-1770.71	-1720.89
678	-14095.6	-2285.87	-1773.25	-1723.44
679	-14114.3	-2286.71	-1773.74	-1723.93
680	-14134.8	-2289.63	-1776.33	-1726.52
681	-14160.1	-2292.56	-1778.39	-1728.58
682	-14195.1	-2296.36	-1783.9	-1732.73
683	-14208.9	-2300.37	-1787.48	-1737.37
684	-14229.1	-2301.28	-1788.8	-1738.03
685	-14259.6	-2308.34	-1796.57	-1745.8
686	-14279.4	-2309.57	-1797.57	-1746.81
687	-14308.8	-2314.82	-1802.07	-1750.85
688	-14320	-2317.53	-1803.59	-1753.16
689	-14338.7	-2319.13	-1805.97	-1755.53
690	-14355.7	-2322.61	-1808.4	-1758.24
691	-14388.4	-2327.32	-1810.95	-1760.79
692	-14433.4	-2335.95	-1815.61	-1764.56
693	-14447.7	-2338.49	-1817.48	-1766.43
694	-14471.8	-2340.75	-1818.66	-1767.44
695	-14495	-2343.1	-1820.89	-1769.22
696	-14521.4	-2345.93	-1823.1	-1772.15
697	-14559	-2351.02	-1828.7	-1776
698	-14575.6	-2352.87	-1830.07	-1777.37
699	-14589.1	-2356.11	-1832.8	-1780.1
700	-14600.4	-2359.2	-1834.89	-1781.79
701	-14610.3	-2363.33	-1836.82	-1783.71
702	-14638.7	-2365.78	-1839.74	-1785.71
703	-14666.9	-2368.67	-1840.22	-1786.79
704	-14677.2	-2371.76	-1842.04	-1788.92
705	-14694.7	-2374.35	-1843.71	-1790.72
706	-14725.8	-2378.02	-1844.41	-1791.36
707	-14747.9	-2380.17	-1846.2	-1793.15
708	-14760.1	-2382.19	-1847.35	-1794.01
709	-14780.2	-2385.88	-1850.57	-1797.23
710	-14811.3	-2391.49	-1853.17	-1799.42
711	-14838.1	-2397.9	-1860.16	-1805.87
712	-14861.6	-2399.52	-1860.91	-1806.62
713	-14880.9	-2405.58	-1866.25	-1812.31
714	-14890.5	-2407.04	-1866.73	-1812.94
715	-14909.7	-2409.74	-1869.44	-1815.28
716	-14925.7	-2414.42	-1873.29	-1818.9
717	-14956.5	-2419.06	-1877.34	-1822.86
718	-14987.6	-2423.85	-1880.64	-1825.96
719	-15010.6	-2427.51	-1884.73	-1829.39
720	-15036	-2430	-1886.33	-1831.13
721	-15055.9	-2433.17	-1889.1	-1833.87
722	-15079.4	-2436.52	-1892.08	-1836.85
723	-15100	-2437.44	-1892.53	-1837.36
724	-15122.3	-2439.04	-1893.76	-1838.59
725	-15149.1	-2441.95	-1897.76	-1841.48
726	-15162.3	-2443.45	-1898.49	-1842
727	-15174.7	-2444.45	-1898.77	-1842.86
728	-15204.3	-2452.47	-1906.09	-1850.18
729	-15223.6	-2455.16	-1907.96	-1852.44
730	-15245.4	-2456.56	-1908.9	-1853.39
731	-15280.3	-2461.05	-1910.8	-1855.06
732	-15307.5	-2464.64	-1913.64	-1857.63
733	-15318.9	-2468.47	-1916.69	-1860.68
734	-15335.6	-2471.32	-1918.87	-1863.06
735	-15366.3	-2475.24	-1922.36	-1865.38
736	-15384.4	-2478.36	-1925.75	-1868.76
737	-15402	-2480.41	-1927.36	-1870.38
738	-15445.6	-2488.66	-1930.87	-1873.89
739	-15464.8	-2490.5	-1933.31	-1876.33
740	-15476.4	-2494.41	-1935.14	-1878.16
741	-15494.6	-2499.64	-1939.63	-1882.16
742	-15511.5	-2504.31	-1943.89	-1886.42
743	-15530.4	-2507.17	-1946.49	-1889.02
744	-15553.9	-2508.13	-1947.61	-1890.15
745	-15582.3	-2512.13	-1952.83	-1894.19
746	-15608.7	-2516.08	-1956.72	-1897.5
747	-15621.1	-2519.27	-1958.07	-1898.86
748	-15636.4	-2522.51	-1960.87	-1901.38
749	-15657.1	-2526.26	-1964.02	-1904.48
750	-15678.4	-2529.01	-1966.36	-1906.82
751	-15708.8	-2530.99	-1966.94	-1907.4
752	-15744	-2536.47	-1971.55	-1911.04
753	-15771.1	-2539.77	-1974.21	-1914.44
754	-15785.8	-2543.58	-1976.55	-1916.82
755	-15810.7	-2547.61	-1979.98	-1920.68
756	-15841.8	-2552.86	-1984.65	-1925.32
757	-15871	-2555.71	-1987.43	-1927.5
758	-15889.1	-2557.45	-1988.71	-1928.78
759	-15906.2	-2561.94	-1992.91	-1932.66
760	-15927.7	-2566.41	-1996.86	-1936.54
761	-15943.3	-2567.34	-1997.48	-1937.75
762	-15965.5	-2569.75	-1999.39	-1939.98
763	-15978.4	-2571.43	-2000.42	-1941.24
764	-16005.5	-2574.74	-2001.98	-1943.16
765	-16035.4	-2577.69	-2004.2	-1944.7
766	-16047.1	-2580.43	-2005.69	-1946.18
767	-16068.5	-2582.6	-2007.36	-1947.94
768	-16109.3	-2588.85	-2014.48	-1953.15
769	-16140	-2592.49	-2018.77	-1957.44
770	-16168.4	-2595.32	-2019.48	-1957.95
771	-16185.6	-2599.41	-2023.65	-1962.12
772	-16224.5	-2603.44	-2027.04	-1964.6
773	-16231.4	-2607.35	-2028.94	-1966.5
774	-16256.9	-2609.71	-2030.99	-1968.55
775	-16285.3	-2613.01	-2034.15	-1971.22
776	-16326.8	-2618.99	-2037.72	-1973.65
777	-16359	-2620.85	-2039.84	-1974.8
778	-16376.6	-2622.51	-2041.36	-1976.03
779	-16387.7	-2626.12	-2043.02	-1977.69
780	-16417.3	-2630.48	-2046.38	-1980.99
781	-16441.7	-2634.24	-2049.24	-1983.73
782	-16470.5	-2637.27	-2051.86	-1986.34
783	-16489.5	-2639.64	-2053.81	-1988.29
784	-16501.4	-2646.12	-2058.21	-1993.35
785	-16535.1	-2652.07	-2063.52	-1997.85
786	-16568.2	-2657.85	-2067.33	-2001.66
787	-16588.4	-2661.15	-2070.18	-2004.86
788	-16612.2	-2666.31	-2075.1	-2009.78
789	-16643.5	-2670.06	-2078.83	-2012.78
790	-16658.8	-2672.79	-2082.06	-2017.18
791	-16685.5	-2674.58	-2083.78	-2018.42
792	-16701.1	-2679.59	-2088.55	-2022.59
793	-16721.2	-2681.43	-2090.08	-2023.97
794	-16762.7	-2688.7	-2092.74	-2026.62
795	-16776.8	-2692.17	-2094.66	-2028.71
796	-16801.6	-2695.26	-2096.83	-2030.88
797	-16824.8	-2699.4	-2101.15	-2035.2
798	-16844.6	-2704.11	-2105.3	-2039.36
799	-16856.8	-2706.7	-2106.61	-2040.98
800	-16877.8	-2710.62	-2110.23	-2044.31
801	-16904.2	-2714.3	-2113.3	-2047.39
802	-16922.1	-2716.98	-2115.75	-2049.83
803	-16940.3	-2718.14	-2116.49	-2050.94
804	-16961.7	-2719.65	-2117.83	-2051.93
805	-16975.4	-2720.99	-2119.51	-2053.04
806	-16987.5	-2726.12	-2122.56	-2056.09
807	-17014.3	-2729.04	-2125.53	-2059.06
808	-17023.2	-2732.14	-2127.88	-2061.41
809	-17050.2	-2734.22	-2128.46	-2062
810	-17082.8	-2738.11	-2132.05	-2065.58
811	-17108.9	-2740.73	-2133.42	-2066.96
812	-17127.5	-2743.84	-2136.21	-2069.49
813	-17141.8	-2745.7	-2137.55	-2070.83
814	-17154.2	-2747.02	-2138.16	-2071.45
815	-17170.5	-2750.66	-2141.13	-2074.86
816	-17197.7	-2753.31	-2142.22	-2075.95
817	-17213	-2756.62	-2144.47	-2078.2
818	-17224.2	-2759.72	-2146.36	-2080.09
819	-17239.7	-2761.65	-2147.52	-2081.95
820	-17277.2	-2766.87	-2148.66	-2083.09
821	-17295.5	-2769.3	-2150.67	-2085.54
822	-17314.2	-2770.02	-2151.11	-2085.99
823	-17342.2	-2772.8	-2152.49	-2086.79
824	-17360.2	-2775.33	-2154.82	-2088.84
825	-17383.1	-2777.43	-2155.6	-2089.48
826	-17397.6	-2781.69	-2159.35	-2093.23
827	-17437.2	-2791.71	-2167.28	-2100.03
828	-17443.4	-2797.88	-2171.02	-2104.79
829	-17460.7	-2801.91	-2174.45	-2108.13
830	-17480.4	-2805.62	-2177.64	-2111.11
831	-17500.5	-2807.94	-2179.45	-2112.92
832	-17514	-2813.62	-2182.7	-2116.36
833	-17549.6	-2818.31	-2185.71	-2119.37
834	-17570.6	-2820.75	-2187.56	-2121.23
835	-17589.1	-2825.78	-2192.29	-2126.64
836	-17622.1	-2829.25	-2194.96	-2128.37
837	-17656.9	-2836.19	-2199.75	-2133.16
838	-17683	-2840.26	-2203.4	-2136.54
839	-17701.9	-2844.16	-2208.54	-2141.68
840	-17728.7	-2848.15	-2212.64	-2145.19
841	-17741.9	-2849.48	-2214	-2146.03
842	-17765	-2851.97	-2215.76	-2147.79
843	-17789.1	-2854.82	-2217.6	-2149.48
844	-17807.2	-2856.33	-2218.99	-2150.54
845	-17833.5	-2858.95	-2221.95	-2152.8
846	-17867	-2862.29	-2224.69	-2155.01
847	-17878.9	-2863.76	-2225.65	-2155.97
848	-17928.6	-2871.4	-2228.65	-2158.97
849	-17934.7	-2876.8	-2232.72	-2164.77
850	-17971	-2880.77	-2234.53	-2166.58
851	-17983.9	-2885.52	-2237.61	-2170.14
852	-18001.3	-2888.16	-2239.42	-2172.12
853	-18032.5	-2894.52	-2244.82	-2177.51
854	-18043.3	-2897.81	-2246.21	-2179.37
855	-18054.9	-2902.92	-2248.51	-2181.88
856	-18082.3	-2908.91	-2253.89	-2187.57
857	-18102.7	-2909.69	-2254.27	-2187.95
858	-18127.8	-2911.39	-2257.05	-2189.66
859	-18140.5	-2915.5	-2259.2	-2191.81
860	-18142.3	-2925.72	-2264.64	-2197.24
861	-18164.6	-2930.12	-2269.23	-2201.3
862	-18185.6	-2931.53	-2270.2	-2202.19
863	-18213.9	-2935.42	-2271.63	-2203.51
864	-18252.9	-2942.62	-2273.26	-2204.47
865	-18281.2	-2945.02	-2274.53	-2205.56
866	-18304.7	-2947.24	-2276.75	-2207.33
867	-18343.2	-2954.4	-2284.23	-2213.66
868	-18362.1	-2955.94	-2285.26	-2214.6
869	-18386	-2960.52	-2288.86	-2218.1
870	-18409	-2962.14	-2290.42	-2219.11
871	-18412.6	-2969.16	-2293.23	-2221.12
872	-18451.9	-2974.73	-2296.07	-2223.32
873	-18473.3	-2978.12	-2298.8	-2226.6
874	-18486.7	-2985.24	-2305.35	-2233.14
875	-18516.3	-2987.64	-2307.07	-2234.62
876	-18523.7	-2990.9	-2310.32	-2236.59
877	-18541.6	-2993.78	-2312.53	-2238.94
878	-18549.3	-2996.28	-2313.98	-2239.94
879	-18569.9	-2999.42	-2316.64	-2242.59
880	-18592.9	-3001.21	-2319.33	-2244.47
881	-18619.6	-3006.95	-2325.13	-2249.87
882	-18643.1	-3010.75	-2328.37	-2253.53
883	-18662.4	-3012.7	-2329.79	-2255.23
884	-18688.1	-3017.42	-2334	-2259.85
885	-18720.5	-3020.71	-2338.51	-2263.21
886	-18741.8	-3022.21	-2339.56	-2264.26
887	-18752	-3027.51	-2343.43	-2268.13
888	-18773.5	-3030.63	-2346.24	-2270.94
889	-18786.3	-3032.29	-2346.76	-2271.62
890	-18815.2	-3035.51	-2349.25	-2273.57
891	-18839.9	-3039.89	-2353.21	-2277.54
892	-18866.8	-3042.1	-2354.88	-2279.24
893	-18875.6	-3044.91	-2355.92	-2280.29
894	-18902.2	-3048.26	-2358.66	-2282.75
895	-18922.9	-3050.95	-2361.14	-2285.02
896	-18956.7	-3055.47	-2364.36	-2288.25
897	-18969.2	-3061.75	-2370.55	-2293.38
898	-18987.5	-3063.88	-2372.43	-2295.94
899	-19007.8	-3066.41	-2374.75	-2297.71
900	-19021.6	-3068.16	-2375.43	-2298.39
901	-19044.1	-3071.39	-2377.96	-2300.92
902	-19056.2	-3073.07	-2379.42	-2302.38
903	-19077.4	-3074.21	-2379.89	-2302.84
904	-19098.7	-3076.96	-2382.36	-2305.14
905	-19128.2	-3080.11	-2384.8	-2306.97
906	-19150	-3082.56	-2387.74	-2309.2
907	-19172.1	-3086.59	-2391.47	-2312.77
908	-19204.1	-3091.34	-2393.86	-2315.17
909	-19232	-3093.33	-2397.93	-2317.98
910	-19248.4	-3099.6	-2402.96	-2323.25
911	-19262.1	-3105.53	-2407.89	-2329.25
912	-19270.3	-3108.66	-2409.03	-2331.19
913	-19290.4	-3110.46	-2410.58	-2332.74
914	-19324.1	-3114.45	-2411.44	-2333.6
915	-19347.8	-3115.68	-2412.68	-2334.21
916	-19385.9	-3120.06	-2415.76	-2337.29
917	-19396.5	-3122.39	-2417.03	-2339.09
918	-19405.9	-3126.12	-2418.9	-2340.95
919	-19415.5	-3128.37	-2419.53	-2341.38
920	-19447.7	-3132.91	-2421.72	-2343.56
921	-19464.9	-3139.45	-2427.48	-2349.32
922	-19478.4	-3141.54	-2429.14	-2351.2
923	-19505.8	-3144.09	-2430.89	-2352.51
924	-19534.1	-3148.96	-2434.49	-2355.69
925	-19548.9	-3151.4	-2436.75	-2357.63
926	-19567	-3153.23	-2439.18	-2359.41
927	-19582.2	-3157.29	-2442.67	-2362.9
928	-19590.9	-3159.91	-2443.44	-2363.37
929	-19604	-3164.8	-2446.09	-2366.44
930	-19616.7	-3168.44	-2448.32	-2369
931	-19630.2	-3171.06	-2451.01	-2371.69
932	-19668.4	-3176.91	-2456.12	-2375.64
933	-19691.3	-3182.51	-2461.32	-2380.83
934	-19721.1	-3186.21	-2463.45	-2382.27
935	-19761.4	-3193.67	-2470.25	-2387.18
936	-19782.2	-3195.69	-2471.86	-2388.78
937	-19797.6	-3200.44	-2475.48	-2392.39
938	-19815.4	-3202.11	-2477.1	-2393.6
939	-19839.2	-3205.54	-2479.61	-2396.03
940	-19866.3	-3211.92	-2485.83	-2401.82
941	-19881.5	-3217.03	-2489.18	-2405.41
942	-19894.9	-3222.29	-2493.64	-2409.88
943	-19918.3	-3225.28	-2495.28	-2411.51
944	-19938.5	-3227.08	-2497.39	-2413.63
945	-19979.3	-3235.07	-2499.81	-2417.16
946	-20016	-3240.32	-2501.27	-2418.63
947	-20046.1	-3242.56	-2503.56	-2420.22
948	-20071.8	-3244.97	-2505.7	-2421.62
949	-20100.8	-3249.2	-2509.19	-2425.12
950	-20121.4	-3251.62	-2510.64	-2426.56
951	-20148.8	-3253.24	-2513.04	-2428.1
952	-20169.7	-3255.19	-2514.37	-2429.19
953	-20212.8	-3262.53	-2517.69	-2431.83
954	-20229.9	-3264.83	-2519.48	-2433.83
955	-20261.6	-3267.28	-2520.87	-2435.21
956	-20278.6	-3269.52	-2522.65	-2437.27
957	-20291.7	-3271.66	-2523.99	-2438.42
958	-20308.3	-3273.05	-2525.1	-2439.32
959	-20321.2	-3275.65	-2525.95	-2440.42
960	-20347.4	-3276.76	-2526.8	-2441.27
961	-20371.6	-3278.86	-2528.61	-2442.87
962	-20410.2	-3284.92	-2529.92	-2443.56
963	-20427.4	-3286.2	-2531.08	-2444.43
964	-20448.8	-3289.16	-2534.3	-2447.11
965	-20457.5	-3291.76	-2535.1	-2447.6
966	-20477.8	-3294.85	-2537.74	-2450.61
967	-20498.2	-3298.25	-2540.72	-2453.57
968	-20525.5	-3300.73	-2543.59	-2456.45
969	-20555.6	-3304.47	-2546.06	-2458.71
970	-20568.4	-3306.21	-2546.96	-2460.22
971	-20594.6	-3307.75	-2547.71	-2460.52
972	-20617.5	-3311.41	-2550.61	-2463.49
973	-20638.6	-3314.83	-2553.66	-2467.19
974	-20656.4	-3318.64	-2557.34	-2470.87
975	-20675.9	-3319.61	-2558.63	-2471.57
976	-20698.6	-3321.83	-2561.22	-2473.45
977	-20718.6	-3323.73	-2562.64	-2474.87
978	-20732.9	-3327.98	-2566	-2478.23
979	-20747.5	-3330.26	-2567.76	-2479.99
980	-20767.5	-3337.06	-2574.48	-2486.34
981	-20788.1	-3338.45	-2576.29	-2487.4
982	-20802	-3340.53	-2577.62	-2488.86
983	-20825.9	-3344.77	-2581.52	-2492.76
984	-20856.2	-3346.72	-2584.57	-2494.71
985	-20870.6	-3350.23	-2587.14	-2497.49
986	-20886	-3352.4	-2588.81	-2499.16
987	-20907.1	-3354.82	-2590.85	-2501.19
988	-20936.4	-3359.23	-2595.38	-2504.91
989	-20942.9	-3364.42	-2597.33	-2506.86
990	-20972.8	-3368.67	-2602.44	-2510.62
991	-20991.3	-3370.61	-2603.98	-2512.18
992	-21016.3	-3373.08	-2605.86	-2513.81
993	-21032.1	-3377.64	-2609.26	-2517.41
994	-21054.5	-3380.69	-2612.75	-2520.27
995	-21064	-3385.99	-2616.15	-2524.29
996	-21076.3	-3392.46	-2622.6	-2529.6
997	-21105.3	-3398.39	-2627.96	-2534.97
998	-21120.3	-3399.09	-2628.16	-2535.17
999	-21129.8	-3402.47	-2629.97	-2538.02
1000	-21139.8	-3405.66	-2631.69	-2540.68
