x	correlation	POI
0	0.00830213	nan
1	0.0146423	nan
2	0.0153707	nan
3	0.0131019	nan
4	0.0167545	nan
5	0.0162521	nan
6	0.0137576	nan
7	0.0144809	nan
8	0.00904491	nan
9	0.00956382	nan
10	0.00541063	nan
11	0.00563524	nan
12	0.00768818	nan
13	0.0129317	nan
14	0.0128559	nan
15	0.00805697	nan
16	0.00642304	nan
17	-0.0339959	nan
18	-0.0351612	nan
19	-0.0333023	nan
20	-0.0314511	nan
21	-0.0281095	nan
22	-0.0254054	nan
23	-0.0185976	nan
24	-0.0147161	nan
25	-0.0227423	nan
26	-0.0153537	nan
27	-0.00899901	nan
28	-0.0035357	nan
29	0.00228797	nan
30	-0.00100324	nan
31	0.00135888	nan
32	0.00532188	nan
33	0.00902509	nan
34	0.00703473	nan
35	0.00980188	nan
36	0.0117996	nan
37	0.0105733	nan
38	0.0149749	nan
39	0.0139012	nan
40	0.0107498	nan
41	0.00145768	nan
42	0.0014591	nan
43	0.00539046	nan
44	0.00144486	nan
45	0.00984104	nan
46	0.0140221	nan
47	0.0130858	nan
48	0.00919036	nan
49	0.0169587	nan
50	0.0136977	nan
51	0.0140367	nan
52	0.00798684	nan
53	0.0130144	nan
54	0.00863054	nan
55	0.00723885	nan
56	0.00445672	nan
57	0.010104	nan
58	0.00409999	nan
59	0.00498089	nan
60	0.00382523	nan
61	0.0143286	nan
62	0.00885936	nan
63	0.00554797	nan
64	0.00468485	nan
65	0.0151498	nan
66	0.00821158	nan
67	0.00299458	nan
68	0.00308904	nan
69	0.00813933	nan
70	0.00423997	nan
71	0.00317012	nan
72	0.00488677	nan
73	0.0100385	nan
74	0.00665065	nan
75	0.00718372	nan
76	0.00500381	nan
77	-0.00121566	nan
78	-0.00664286	nan
79	-0.00224648	nan
80	-0.00090302	nan
81	-0.00149702	nan
82	0.00217505	nan
83	0.00256996	nan
84	0.000841137	nan
85	0.00224963	nan
86	0.00152531	nan
87	0.00307357	nan
88	0.00157027	nan
89	-0.0113521	nan
90	-0.00704397	nan
91	-0.00689544	nan
92	-0.00585278	nan
93	-0.00363735	nan
94	-0.00205492	nan
95	0.000212237	nan
96	0.000435042	nan
97	-0.00222549	nan
98	-0.00245576	nan
99	-0.00399677	nan
100	-0.00192366	nan
101	0.00333481	nan
102	0.00124597	nan
103	0.000641754	nan
104	0.00139647	nan
105	0.017756	nan
106	0.010947	nan
107	0.00771892	nan
108	0.00798629	nan
109	0.0181946	nan
110	0.00869644	nan
111	0.00717762	nan
112	0.00794068	nan
113	0.0144256	nan
114	0.00176794	nan
115	0.00486749	nan
116	0.00324532	nan
117	0.00237913	nan
118	-0.00419134	nan
119	0.000688527	nan
120	0.00595284	nan
121	-0.00113378	nan
122	-0.00344706	nan
123	-0.00251759	nan
124	0.00140438	nan
125	-0.0148363	nan
126	-0.0174451	nan
127	-0.0135301	nan
128	-0.0104941	nan
129	-0.0167335	nan
130	-0.0118765	nan
131	-0.00998976	nan
132	-0.00538383	nan
133	-0.00348261	nan
134	-0.00146486	nan
135	-0.000376963	nan
136	0.00208994	nan
137	0.00229837	nan
138	0.00383784	nan
139	0.00392366	nan
140	0.00261932	nan
141	0.0160575	nan
142	0.0165044	nan
143	0.0166285	nan
144	0.0136015	nan
145	-0.00637605	nan
146	-0.00883884	nan
147	-0.00627154	nan
148	-0.00238407	nan
149	-0.00801794	nan
150	-0.00670533	nan
151	-0.00594713	nan
152	-0.00106681	nan
153	-0.00176708	nan
154	0.00473435	nan
155	0.000926613	nan
156	0.00359329	nan
157	0.00656289	nan
158	0.0079617	nan
159	0.0065541	nan
160	0.00604533	nan
161	-0.0143471	nan
162	-0.0139288	nan
163	-0.0107792	nan
164	-0.00520759	nan
165	-0.0113905	nan
166	-0.0105643	nan
167	0.000266265	nan
168	-0.000366735	nan
169	0.00658501	nan
170	0.00673111	nan
171	0.0138217	nan
172	0.0114043	nan
173	-0.000616593	nan
174	-0.00145929	nan
175	0.00239606	nan
176	0.00437827	nan
177	0.0049113	nan
178	0.00787834	nan
179	0.00958572	nan
180	0.00887326	nan
181	-0.0314103	nan
182	-0.0332258	nan
183	-0.0339397	nan
184	-0.032269	nan
185	-0.0250884	nan
186	-0.0224097	nan
187	-0.00966468	nan
188	-0.00973732	nan
189	0.000963124	nan
190	0.00390917	nan
191	0.00676703	nan
192	0.00498816	nan
193	0.0210155	nan
194	0.0181429	nan
195	0.0178728	nan
196	0.0143972	nan
197	0.0176027	nan
198	0.0167636	nan
199	0.0152235	nan
200	0.0110819	nan
201	0.0167229	nan
202	0.0134894	nan
203	0.0147435	nan
204	0.0110742	nan
205	0.0189774	nan
206	0.0127722	nan
207	0.0124679	nan
208	0.00967071	nan
209	0.0178075	nan
210	0.0096253	nan
211	0.0138967	nan
212	0.0085434	nan
213	0.0175498	nan
214	0.0126192	nan
215	0.0126408	nan
216	0.00864129	nan
217	0.0163591	nan
218	0.0133718	nan
219	0.0187134	nan
220	0.015583	nan
221	0.0120112	nan
222	0.0129336	nan
223	0.0146852	nan
224	0.0176896	nan
225	0.0115807	nan
226	0.0146958	nan
227	0.0142847	nan
228	0.0145019	nan
229	0.013813	nan
230	0.0190696	nan
231	0.0156696	nan
232	0.00771306	nan
233	0.0125161	nan
234	0.0108378	nan
235	0.0115858	nan
236	0.0086995	nan
237	0.0107988	nan
238	0.00848998	nan
239	0.0114868	nan
240	0.00733352	nan
241	0.0110068	nan
242	0.0121236	nan
243	0.00753821	nan
244	0.00442489	nan
245	0.0145712	nan
246	0.0174363	nan
247	0.0177353	nan
248	0.0172043	nan
249	0.0111082	nan
250	0.0187206	nan
251	0.0156023	nan
252	0.0193833	nan
253	0.0155194	nan
254	0.0164524	nan
255	0.00958719	nan
256	0.00802297	nan
257	0.0117116	nan
258	0.0128227	nan
259	0.0127199	nan
260	0.0167915	nan
261	0.0140094	nan
262	0.0125571	nan
263	0.0134457	nan
264	0.0113588	nan
265	0.0140835	nan
266	0.00545642	nan
267	0.00651137	nan
268	0.00510368	nan
269	0.0115098	nan
270	0.00765258	nan
271	0.00759761	nan
272	0.00634066	nan
273	0.00897068	nan
274	0.0142996	nan
275	0.0121521	nan
276	0.0119956	nan
277	0.0100395	nan
278	0.0116304	nan
279	0.0105949	nan
280	0.00568807	nan
281	0.00730755	nan
282	0.0121296	nan
283	0.011821	nan
284	0.00585619	nan
285	0.0133308	nan
286	0.0132048	nan
287	0.01723	nan
288	0.00958197	nan
289	0.014321	nan
290	0.0175632	nan
291	0.0137733	nan
292	0.00956713	nan
293	0.0122826	nan
294	0.0152752	nan
295	0.0138751	nan
296	0.0118026	nan
297	0.0120548	nan
298	0.0132482	nan
299	0.00958972	nan
300	0.00562323	nan
301	0.0111086	nan
302	0.00625885	nan
303	0.00600768	nan
304	0.00571811	nan
305	0.00832729	nan
306	0.00454862	nan
307	0.00648332	nan
308	0.00347628	nan
309	0.0167834	nan
310	0.00303804	nan
311	0.010742	nan
312	0.000537483	nan
313	0.00461937	nan
314	0.00477869	nan
315	0.00248981	nan
316	0.0015027	nan
317	0.00608499	nan
318	0.0102754	nan
319	0.00865628	nan
320	0.0118613	nan
321	0.00922435	nan
322	0.013336	nan
323	0.0139577	nan
324	0.00699298	nan
325	0.0055714	nan
326	0.00692729	nan
327	0.00805419	nan
328	1.45129e-05	nan
329	0.00855277	nan
330	0.0114063	nan
331	0.0105999	nan
332	0.00470546	nan
333	0.014777	nan
334	0.0091413	nan
335	0.0128039	nan
336	0.00125849	nan
337	0.0133799	nan
338	0.00838181	nan
339	0.00487404	nan
340	0.00280703	nan
341	0.00991353	nan
342	0.015667	nan
343	0.0100993	nan
344	0.00741063	nan
345	0.00956094	nan
346	0.00916531	nan
347	0.00471025	nan
348	-0.00124728	nan
349	0.00507372	nan
350	-0.00100332	nan
351	0.00114697	nan
352	-0.001685	nan
353	0.00704538	nan
354	0.00847596	nan
355	0.0114033	nan
356	0.00609507	nan
357	0.0103371	nan
358	0.00597675	nan
359	0.0113742	nan
360	0.000924448	nan
361	0.00612668	nan
362	-0.0014693	nan
363	0.00436159	nan
364	0.00278378	nan
365	-0.00262979	nan
366	0.00223399	nan
367	0.000618883	nan
368	0.00138586	nan
369	0.0012676	nan
370	0.00756888	nan
371	0.0107614	nan
372	0.00693446	nan
373	0.0058102	nan
374	0.00627839	nan
375	0.0113906	nan
376	0.000620624	nan
377	-0.0613449	nan
378	-0.0610603	nan
379	-0.0555074	nan
380	-0.0485379	nan
381	-0.0734038	nan
382	-0.0701924	nan
383	-0.0647493	nan
384	-0.0565921	nan
385	-0.0573438	nan
386	-0.0424911	nan
387	-0.0344801	nan
388	-0.02717	nan
389	-0.0512559	nan
390	-0.0311678	nan
391	-0.0218407	nan
392	-0.0126698	nan
393	-0.0220789	nan
394	-0.0199198	nan
395	-0.0189111	nan
396	-0.0168687	nan
397	-0.0272278	nan
398	-0.029503	nan
399	-0.0236846	nan
400	-0.0223049	nan
401	-0.0147771	nan
402	-0.0151264	nan
403	-0.00492598	nan
404	0.000119796	nan
405	-0.00657432	nan
406	-0.0106513	nan
407	0.00178893	nan
408	0.00334573	nan
409	-0.0834257	nan
410	-0.0655277	nan
411	-0.0547687	nan
412	-0.0348496	nan
413	-0.0848761	nan
414	-0.0855446	nan
415	-0.0718008	nan
416	-0.0541835	nan
417	-0.0489787	nan
418	-0.0348273	nan
419	-0.0230144	nan
420	-0.0131412	nan
421	-0.0107931	nan
422	-0.0120715	nan
423	0.00233071	nan
424	0.00457366	nan
425	0.0262708	nan
426	0.0218043	nan
427	0.0305045	nan
428	0.017469	nan
429	0.0103798	nan
430	0.0137208	nan
431	0.0153873	nan
432	0.0138068	nan
433	0.00240495	nan
434	0.000851716	nan
435	0.00343624	nan
436	0.00975601	nan
437	-0.0260571	nan
438	-0.0252228	nan
439	-0.0225981	nan
440	-0.0119852	nan
441	-0.0450758	nan
442	-0.0502796	nan
443	-0.0428767	nan
444	-0.0352537	nan
445	0.0175766	nan
446	0.0184604	nan
447	0.0222079	nan
448	0.0204118	nan
449	-0.00389074	nan
450	-0.00527265	nan
451	0.00168354	nan
452	0.00831178	nan
453	0.00072442	nan
454	0.00279704	nan
455	0.00878238	nan
456	0.0176554	nan
457	-0.0304423	nan
458	-0.0334891	nan
459	-0.0270264	nan
460	-0.019583	nan
461	0.0286327	nan
462	0.0351286	nan
463	0.0365995	nan
464	0.0426667	nan
465	-0.115619	nan
466	-0.120286	nan
467	-0.117471	nan
468	-0.106151	nan
469	-0.213487	nan
470	-0.224004	nan
471	-0.223595	nan
472	-0.210074	nan
473	-0.295255	nan
474	-0.270445	nan
475	-0.228248	nan
476	-0.137674	nan
477	-0.402162	nan
478	-0.422389	nan
479	-0.320108	nan
480	-0.203745	nan
481	-0.515908	nan
482	-0.487998	nan
483	-0.406565	nan
484	-0.306021	nan
485	-0.247697	nan
486	-0.242631	nan
487	-0.221352	nan
488	-0.208903	nan
489	-0.226299	nan
490	-0.218327	nan
491	-0.201465	nan
492	-0.182223	nan
493	-0.349472	nan
494	-0.350432	nan
495	-0.339283	nan
496	-0.314702	nan
497	-0.484584	nan
498	-0.497613	nan
499	-0.461086	nan
500	-0.3718	nan
501	-0.417619	nan
502	-0.294138	nan
503	-0.15243	nan
504	-0.0185372	nan
505	-0.0997486	nan
506	-0.0717448	nan
507	0.000853007	nan
508	0.084438	nan
509	-0.217143	nan
510	-0.182567	nan
511	-0.0914815	nan
512	0.0190988	nan
513	-0.467202	nan
514	-0.472475	nan
515	-0.428897	nan
516	-0.334483	nan
517	-0.721812	nan
518	-0.738061	-0.738061
519	-0.639045	nan
520	-0.454089	nan
521	-0.627829	nan
522	-0.451943	nan
523	-0.283871	nan
524	-0.0937107	nan
525	-0.305534	nan
526	-0.274839	nan
527	-0.13455	nan
528	0.0297963	nan
529	-0.236429	nan
530	-0.159385	nan
531	-0.00639179	nan
532	0.128918	nan
533	-0.0458503	nan
534	0.0363188	nan
535	0.111326	nan
536	0.222798	nan
537	-0.0562278	nan
538	-0.0258363	nan
539	0.0293381	nan
540	0.117051	nan
541	0.133791	nan
542	0.225864	nan
543	0.266412	nan
544	0.253374	nan
545	0.158534	nan
546	0.169395	nan
547	0.185504	nan
548	0.193647	nan
549	0.230521	nan
550	0.215774	nan
551	0.232037	nan
552	0.223103	nan
553	-0.0115309	nan
554	0.0588184	nan
555	0.140542	nan
556	0.20951	nan
557	0.0785112	nan
558	0.196451	nan
559	0.254811	nan
560	0.32132	nan
561	0.154845	nan
562	0.273137	nan
563	0.304944	nan
564	0.320362	nan
565	0.0586638	nan
566	0.148632	nan
567	0.214102	nan
568	0.264365	nan
569	-0.904268	-0.904268
570	-0.834113	nan
571	-0.705144	nan
572	-0.437597	nan
573	-0.894073	nan
574	-0.766659	nan
575	-0.676503	nan
576	-0.454611	nan
577	-0.727585	nan
578	-0.636509	nan
579	-0.453908	nan
580	-0.197979	nan
581	-0.345429	nan
582	-0.112436	nan
583	0.0305848	nan
584	0.131326	nan
585	0.144612	nan
586	0.244832	nan
587	0.300593	nan
588	0.331461	nan
589	0.0191635	nan
590	0.115794	nan
591	0.216372	nan
592	0.327789	nan
593	0.047087	nan
594	0.168115	nan
595	0.25879	nan
596	0.322542	nan
597	-0.0165264	nan
598	0.0875923	nan
599	0.160981	nan
600	0.257984	nan
601	-0.436517	nan
602	-0.453543	nan
603	-0.271594	nan
604	-0.0445744	nan
605	-0.38526	nan
606	-0.28931	nan
607	-0.0911732	nan
608	0.0723048	nan
609	-0.243954	nan
610	-0.174177	nan
611	0.0170336	nan
612	0.162042	nan
613	-0.0242543	nan
614	0.0878851	nan
615	0.212239	nan
616	0.312455	nan
617	-0.227614	nan
618	-0.164378	nan
619	-0.0443214	nan
620	0.117584	nan
621	-0.820895	nan
622	-0.866209	-0.866209
623	-0.788895	nan
624	-0.600031	nan
625	-0.552595	nan
626	-0.468541	nan
627	-0.22232	nan
628	0.0399281	nan
629	-0.28476	nan
630	-0.0701383	nan
631	0.0754025	nan
632	0.174628	nan
633	0.0343219	nan
634	0.154905	nan
635	0.257338	nan
636	0.316233	nan
637	-0.0545761	nan
638	0.0170712	nan
639	0.172316	nan
640	0.323542	nan
641	0.0613272	nan
642	0.220904	nan
643	0.323586	nan
644	0.361355	nan
645	-0.119518	nan
646	-0.0154914	nan
647	0.171086	nan
648	0.29563	nan
649	-0.0219044	nan
650	0.152998	nan
651	0.232639	nan
652	0.257489	nan
653	-0.866551	nan
654	-0.663685	nan
655	-0.499071	nan
656	-0.233231	nan
657	-0.930303	-0.930303
658	-0.827778	nan
659	-0.686746	nan
660	-0.374132	nan
661	-0.737877	nan
662	-0.809425	nan
663	-0.676928	nan
664	-0.378168	nan
665	-0.434923	nan
666	-0.387034	nan
667	-0.113966	nan
668	0.165412	nan
669	-0.0329133	nan
670	0.171113	nan
671	0.305464	nan
672	0.385019	nan
673	-0.628783	nan
674	-0.637438	nan
675	-0.551548	nan
676	-0.358692	nan
677	-0.477656	nan
678	-0.1831	nan
679	0.0552938	nan
680	0.190758	nan
681	-0.082468	nan
682	0.108288	nan
683	0.200482	nan
684	0.252203	nan
685	0.287279	nan
686	0.446405	nan
687	0.497235	nan
688	0.50305	nan
689	0.371509	nan
690	0.534692	nan
691	0.555937	nan
692	0.55079	nan
693	0.423676	nan
694	0.573796	nan
695	0.57979	nan
696	0.546726	nan
697	0.425054	nan
698	0.567073	nan
699	0.551618	nan
700	0.476161	nan
701	-0.658829	nan
702	-0.585049	nan
703	-0.46911	nan
704	-0.241904	nan
705	-0.261674	nan
706	-0.00300971	nan
707	0.117323	nan
708	0.197949	nan
709	0.291095	nan
710	0.320874	nan
711	0.36134	nan
712	0.343669	nan
713	0.473604	nan
714	0.418867	nan
715	0.432809	nan
716	0.393245	nan
717	0.0867856	nan
718	0.280831	nan
719	0.374053	nan
720	0.456272	nan
721	-0.576329	nan
722	-0.578567	nan
723	-0.475618	nan
724	-0.277065	nan
725	-0.271523	nan
726	-0.0244503	nan
727	0.163194	nan
728	0.258039	nan
729	0.0654872	nan
730	0.270034	nan
731	0.380731	nan
732	0.427618	nan
733	0.0690454	nan
734	0.27779	nan
735	0.368863	nan
736	0.360135	nan
737	-0.849135	-0.849135
738	-0.815708	nan
739	-0.751894	nan
740	-0.549467	nan
741	-0.476623	nan
742	-0.389934	nan
743	-0.0887663	nan
744	0.188518	nan
745	0.224827	nan
746	0.38575	nan
747	0.432118	nan
748	0.405335	nan
749	0.486566	nan
750	0.430973	nan
751	0.444317	nan
752	0.407159	nan
753	0.405278	nan
754	0.578683	nan
755	0.595634	nan
756	0.586225	nan
757	0.456021	nan
758	0.579985	nan
759	0.562141	nan
760	0.479129	nan
761	0.560793	nan
762	0.47453	nan
763	0.466296	nan
764	0.418834	nan
765	0.548923	nan
766	0.465127	nan
767	0.46562	nan
768	0.418144	nan
769	0.323167	nan
770	0.533029	nan
771	0.545451	nan
772	0.575083	nan
773	0.386202	nan
774	0.541305	nan
775	0.537623	nan
776	0.46279	nan
777	0.177715	nan
778	0.218239	nan
779	0.268897	nan
780	0.30285	nan
781	0.166549	nan
782	0.209373	nan
783	0.250546	nan
784	0.281439	nan
785	0.331021	nan
786	0.345791	nan
787	0.370803	nan
788	0.352041	nan
789	0.423681	nan
790	0.408133	nan
791	0.425926	nan
792	0.381248	nan
793	0.0690563	nan
794	0.098777	nan
795	0.144553	nan
796	0.216087	nan
797	0.17488	nan
798	0.296594	nan
799	0.372367	nan
800	0.463116	nan
801	0.230913	nan
802	0.396368	nan
803	0.450041	nan
804	0.469112	nan
805	0.287104	nan
806	0.434802	nan
807	0.457049	nan
808	0.403206	nan
809	0.316926	nan
810	0.331744	nan
811	0.349632	nan
812	0.320799	nan
813	0.243196	nan
814	0.317088	nan
815	0.366417	nan
816	0.403921	nan
817	0.303864	nan
818	0.377216	nan
819	0.390638	nan
820	0.336988	nan
821	0.311963	nan
822	0.414663	nan
823	0.419801	nan
824	0.40905	nan
825	0.361962	nan
826	0.375396	nan
827	0.367024	nan
828	0.309541	nan
829	0.231922	nan
830	0.37629	nan
831	0.386299	nan
832	0.38856	nan
833	0.1482	nan
834	0.292171	nan
835	0.325389	nan
836	0.395906	nan
837	0.0991077	nan
838	0.167512	nan
839	0.222838	nan
840	0.294245	nan
841	0.0752064	nan
842	0.120402	nan
843	0.174274	nan
844	0.249946	nan
845	0.0841101	nan
846	0.126368	nan
847	0.167548	nan
848	0.19689	nan
849	0.181455	nan
850	0.268008	nan
851	0.313124	nan
852	0.306262	nan
853	0.201187	nan
854	0.320195	nan
855	0.324465	nan
856	0.322108	nan
857	0.217844	nan
858	0.322797	nan
859	0.321528	nan
860	0.301692	nan
861	0.166082	nan
862	0.265152	nan
863	0.288373	nan
864	0.322956	nan
865	0.0554502	nan
866	0.0806101	nan
867	0.110067	nan
868	0.143701	nan
869	0.142889	nan
870	0.188603	nan
871	0.243914	nan
872	0.264547	nan
873	0.205853	nan
874	0.245435	nan
875	0.254595	nan
876	0.214722	nan
877	0.0894585	nan
878	0.11199	nan
879	0.133727	nan
880	0.152158	nan
881	0.0728385	nan
882	0.098083	nan
883	0.129725	nan
884	0.183269	nan
885	0.0722176	nan
886	0.117248	nan
887	0.156761	nan
888	0.182842	nan
889	0.143516	nan
890	0.227416	nan
891	0.249307	nan
892	0.248304	nan
893	0.114376	nan
894	0.171953	nan
895	0.20112	nan
896	0.192683	nan
897	0.0830704	nan
898	0.139508	nan
899	0.188462	nan
900	0.241077	nan
901	0.128244	nan
902	0.228076	nan
903	0.240656	nan
904	0.244597	nan
905	0.101788	nan
906	0.179595	nan
907	0.197916	nan
908	0.219583	nan
909	0.0800198	nan
910	0.157719	nan
911	0.182564	nan
912	0.20923	nan
913	0.173466	nan
914	0.178711	nan
915	0.171596	nan
916	0.142694	nan
917	0.172106	nan
918	0.139821	nan
919	0.14501	nan
920	0.126062	nan
921	0.143972	nan
922	0.12414	nan
923	0.132559	nan
924	0.118065	nan
925	0.148988	nan
926	0.201446	nan
927	0.198493	nan
928	0.189434	nan
929	-0.494018	nan
930	-0.580626	nan
931	-0.523536	nan
932	-0.43531	nan
933	-0.653218	nan
934	-0.689111	nan
935	-0.607378	nan
936	-0.444933	nan
937	-0.214532	nan
938	-0.181559	nan
939	-0.0545389	nan
940	0.0562057	nan
941	-0.0736334	nan
942	-0.0303622	nan
943	0.0189948	nan
944	0.0742488	nan
945	-0.065332	nan
946	-0.0234438	nan
947	0.00800763	nan
948	0.0524022	nan
949	-0.622022	nan
950	-0.638038	nan
951	-0.569833	nan
952	-0.430068	nan
953	-0.318697	nan
954	-0.260607	nan
955	-0.18724	nan
956	-0.0680362	nan
957	-0.159265	nan
958	-0.110845	nan
959	-0.0451573	nan
960	0.0557625	nan
961	-0.0329429	nan
962	0.0223704	nan
963	0.106773	nan
964	0.194176	nan
965	0.0796032	nan
966	0.183922	nan
967	0.254262	nan
968	0.295313	nan
969	0.125834	nan
970	0.235481	nan
971	0.271777	nan
972	0.270073	nan
973	-0.135854	nan
974	-0.121791	nan
975	-0.0965575	nan
976	-0.0527281	nan
977	0.11382	nan
978	0.131076	nan
979	0.150048	nan
980	0.180026	nan
981	-0.103049	nan
982	-0.0724908	nan
983	-0.0755718	nan
984	0.00192193	nan
985	-0.154825	nan
986	-0.143082	nan
987	-0.13278	nan
988	-0.115015	nan
989	-0.161899	nan
990	-0.155785	nan
991	-0.147392	nan
992	-0.135305	nan
993	-0.156646	nan
994	-0.15101	nan
995	-0.144121	nan
996	-0.133808	nan
997	-0.160532	nan
998	-0.150315	nan
999	-0.141784	nan
