x	worst_wrong	mean_wrong	best_wrong	true_weight
1	-8.12992	-4.97957	-3.13882	-5.0325
2	-14.6133	-7.93452	-4.20679	-5.93653
3	-17.4885	-10.8791	-6.12997	-7.91117
4	-26.0902	-13.9578	-7.50927	-9.29046
5	-27.8835	-15.8766	-9.32688	-11.0566
6	-29.1847	-17.3106	-10.3671	-13.0008
7	-42.7586	-24.7801	-14.4615	-17.8711
8	-44.2535	-25.7627	-15.1612	-18.4976
9	-45.6968	-27.5052	-16.5502	-19.8866
10	-46.8283	-29.2327	-18.1541	-20.6402
11	-55.1135	-33.4231	-21.8548	-24.4528
12	-56.2025	-34.9043	-22.9286	-25.5418
13	-61.5482	-38.249	-25.6264	-27.5814
14	-67.1905	-43.3021	-28.486	-29.64
15	-80.9639	-54.3677	-38.0227	-41.4446
16	-86.5	-57.6418	-41.0532	-44.0924
17	-95.614	-64.7373	-46.7149	-48.9956
18	-99.1729	-69.555	-49.372	-50.7438
19	-105.007	-73.65	-52.9965	-55.5323
20	-108.018	-77.2916	-56.008	-60.2427
21	-111.944	-80.4872	-58.9741	-63.535
22	-112.844	-81.5924	-60.6279	-64.9782
23	-113.998	-83.0014	-61.5033	-65.785
24	-117.398	-86.224	-64.9196	-68.7766
25	-123.119	-91.2724	-69.1719	-72.871
26	-133.603	-97.2242	-73.636	-77.1871
27	-136.024	-98.7021	-75.2762	-78.2301
28	-137.345	-100.355	-76.5972	-79.4886
29	-139.797	-103.489	-77.9612	-81.6215
30	-140.992	-105.365	-79.5101	-82.8168
31	-143.119	-107.237	-80.9822	-84.2889
32	-145.317	-109.539	-82.8798	-86.3593
33	-151.719	-115.111	-87.5737	-90.8631
34	-155.692	-120.464	-92.1931	-95.4825
35	-160.698	-125.064	-95.4889	-99.4286
36	-162.812	-128.179	-98.4999	-102.439
37	-164.756	-129.869	-99.9294	-104.384
38	-169.164	-133.579	-103.576	-108.031
39	-172.429	-134.836	-104.551	-109.452
40	-173.84	-138.039	-107.498	-113.752
41	-174.854	-139.374	-108.49	-114.743
42	-177.495	-140.9	-109.325	-115.834
43	-181.772	-144.922	-113.4	-119.51
44	-188.427	-149.995	-118.15	-123.921
45	-196.3	-154.608	-121.152	-126.869
46	-198.502	-156.401	-121.298	-127.459
47	-204.639	-162.157	-127.753	-135.633
48	-206.235	-163.355	-128.774	-136.653
49	-210.665	-167.586	-132.086	-139.966
50	-213.381	-169.877	-134.472	-142.352
51	-215.724	-171.265	-135.955	-143.494
52	-219.455	-174.62	-139.192	-146.657
53	-220.908	-176.258	-141.187	-148.11
54	-222.164	-177.231	-141.852	-149.127
55	-231.102	-184.958	-149.906	-156.548
56	-233.685	-188.95	-152.827	-160.105
57	-240.283	-193.323	-158.061	-164.446
58	-244.869	-195.99	-160.583	-166.532
59	-246.559	-197.976	-162.131	-168.221
60	-248.338	-199.383	-163.287	-169.199
61	-250.394	-201.964	-165.51	-171.422
62	-251.531	-203.604	-167.338	-172.558
63	-252.6	-204.946	-168.193	-173.628
64	-258.161	-207.287	-170.17	-175.262
65	-262.092	-210.994	-173.475	-178.552
66	-262.435	-212.471	-174.769	-180.983
67	-265.014	-216.728	-176.638	-183.562
68	-271.024	-221.864	-181.655	-189.571
69	-273.831	-222.853	-182.477	-190.023
70	-283.071	-228.804	-187.716	-195.449
71	-284.448	-229.854	-188.615	-196.178
72	-301.453	-237.937	-190.953	-198.402
73	-303.549	-239.824	-193.049	-199.528
74	-305.69	-244.422	-193.948	-200.826
75	-306.709	-246.071	-195.17	-202.048
76	-310.167	-249.571	-198.284	-205.162
77	-312.368	-251.909	-200.161	-207.039
78	-313.677	-254.367	-204.045	-208.347
79	-317.238	-258.372	-207.632	-212.613
80	-318.064	-259.457	-208.774	-213.439
81	-320.707	-262.303	-211.88	-216.082
82	-322.896	-263.634	-212.94	-217.499
83	-324.601	-265.435	-214.554	-218.756
84	-331.068	-271.424	-220.203	-224.406
85	-333.72	-274.248	-223.782	-227.057
86	-334.866	-276.41	-225.297	-229.43
87	-337.844	-280.67	-229.729	-235.154
88	-339.865	-281.763	-230.65	-236.572
89	-346.905	-286.879	-234.046	-241.899
90	-348.361	-288.308	-235.048	-242.809
91	-352.707	-290.636	-237.126	-244.887
92	-355.408	-293.75	-239.262	-246.87
93	-357.086	-295.619	-241.212	-248.479
94	-358.342	-297.004	-242.221	-249.375
95	-362.661	-300.394	-243.53	-250.993
96	-364.317	-302.1	-244.973	-252.629
97	-365.522	-303.474	-246.178	-253.867
98	-368.638	-307.081	-249.402	-256.983
99	-373.294	-310.683	-252.388	-260.256
100	-376.398	-313.654	-255.159	-263.027
101	-389.932	-321.925	-262.955	-268.921
102	-392.392	-323.665	-265.414	-271.38
103	-393.918	-325.396	-266.847	-272.539
104	-398.074	-327.757	-268.735	-274.478
105	-398.693	-328.511	-269.2	-274.851
106	-400.749	-331.19	-271.102	-277.168
107	-402.476	-333.461	-272.94	-279.006
108	-404.753	-334.817	-274.21	-280.426
109	-411.921	-339.504	-278.529	-285.224
110	-415.145	-342.968	-281.752	-288.583
111	-418.032	-346.706	-284.29	-291.471
112	-419.637	-347.942	-284.853	-292.168
113	-421.658	-350.69	-287.025	-294.34
114	-425.367	-354.577	-291.072	-298.075
115	-426.365	-355.945	-292.074	-299.073
116	-434.755	-359.266	-293.979	-301.985
117	-435.379	-360.154	-294.838	-302.907
118	-449.333	-369.334	-296.575	-304.639
119	-452.557	-373.863	-300.389	-309.527
120	-455.359	-375.951	-302.062	-311.2
121	-460.706	-380.938	-305.044	-314.251
122	-463.826	-384.369	-308.164	-317.547
123	-468.589	-389.891	-313.114	-322.315
124	-469.405	-391.239	-314.045	-323.557
125	-470.52	-392.42	-315.155	-324.355
126	-471.605	-393.743	-316.239	-325.23
127	-475.41	-395.992	-318.281	-327.07
128	-477.931	-397.394	-318.987	-327.948
129	-480.252	-399.963	-321.314	-330.492
130	-481.987	-401.879	-323.299	-332.178
131	-483.808	-403.055	-324.471	-333.049
132	-489.705	-406.424	-325.216	-333.654
133	-492.599	-409.736	-328.109	-336.548
134	-495.308	-412.735	-329.877	-338.708
135	-496.38	-414.01	-330.949	-340.121
136	-498.705	-416.67	-333.275	-342.447
137	-499.614	-418.149	-334.184	-343.56
138	-503.982	-422.358	-338.262	-347.573
139	-504.779	-423.429	-339.06	-348.258
140	-508.992	-427.267	-342.466	-351.356
141	-510.712	-429.284	-344.233	-353.124
142	-514.087	-432.893	-347.78	-356.671
143	-516.62	-434.594	-348.818	-358.212
144	-521.403	-440.236	-353.602	-362.819
145	-523.363	-442.042	-355.562	-365.814
146	-526.8	-444.872	-357.657	-367.893
147	-528.013	-446.707	-359.774	-369.387
148	-529.361	-447.643	-360.491	-370.589
149	-534.629	-453.039	-364.616	-375.142
150	-537.024	-455.688	-367.38	-377.202
151	-539.662	-460.168	-372.453	-382.276
152	-540.255	-460.934	-372.958	-382.869
153	-542.736	-463.16	-374.888	-384.742
154	-547.101	-467.725	-379.253	-389.951
155	-549.957	-470.917	-382.408	-392.808
156	-552.953	-474.549	-386.371	-398.083
157	-557.46	-478.901	-389.691	-401.404
158	-558.177	-479.948	-390.822	-403.582
159	-560.192	-480.919	-391.596	-404.33
160	-560.983	-481.951	-392.388	-405.122
161	-568.398	-487.729	-397.371	-410.105
162	-569.867	-489.348	-398.743	-411.574
163	-574.986	-495.014	-403.94	-419.574
164	-578.762	-498.39	-407.094	-422.582
165	-583.636	-502.195	-409.767	-426.646
166	-587.445	-506.82	-413.576	-430.133
167	-590.42	-509.363	-415.655	-431.614
168	-592.614	-511.605	-417.424	-434.335
169	-594.677	-514.502	-419.487	-437.143
170	-605.903	-520.458	-423.701	-442.683
171	-607.557	-522.359	-425.243	-445.254
172	-615.173	-526.882	-428.807	-448.37
173	-618.765	-530.603	-432.399	-451.962
174	-628.547	-536.753	-436.149	-454.582
175	-630.997	-539.49	-438.599	-457.032
176	-632.292	-541.316	-440.086	-459.225
177	-634.182	-543.528	-442.734	-461.262
178	-638.254	-546.321	-445.369	-464.169
179	-639.026	-547.357	-446.141	-464.941
180	-645.12	-550.337	-447.478	-465.612
181	-649.416	-552.688	-449.671	-467.461
182	-652.782	-555.653	-452.47	-470.099
183	-657.718	-559.236	-454.976	-472.575
184	-661.102	-560.194	-455.392	-473.542
185	-666.094	-565.246	-457.549	-475.699
186	-669.582	-569.806	-460.279	-478.078
187	-674.692	-571.814	-462.201	-479.06
188	-677.853	-576.855	-463.813	-480.673
189	-681.725	-581.221	-467.686	-484.545
190	-684.781	-583.385	-469.411	-486.112
191	-686.932	-585.771	-471.561	-488.622
192	-689.082	-587.278	-473.138	-489.85
193	-690.664	-588.949	-474.72	-491.432
194	-691.845	-590.296	-475.902	-493.391
195	-695.641	-593.863	-479.262	-496.516
196	-699.307	-596.888	-482.928	-499.494
197	-702.195	-599.998	-485.497	-501.762
198	-705.746	-604.03	-489.049	-505.107
199	-709.798	-606.499	-491.069	-508.054
200	-710.266	-607.067	-491.455	-509.056
201	-711.048	-607.563	-491.629	-509.52
202	-714.125	-609.408	-492.778	-510.669
203	-715.722	-611.257	-493.997	-512.276
204	-718.255	-613.909	-496.224	-514.809
205	-720.232	-616.163	-499.47	-517.224
206	-726.889	-622.664	-505.846	-522.919
207	-729.357	-625.794	-508.615	-525.687
208	-736.817	-629.796	-511.596	-528.587
209	-737.687	-631.327	-513.383	-530.374
210	-741.231	-632.774	-514.669	-531.66
211	-748.026	-638.402	-519.54	-537.566
212	-750.141	-640.506	-521.049	-539.681
213	-755.384	-641.772	-521.518	-540.716
214	-759.116	-644.163	-523.715	-542.913
215	-761.024	-647.277	-525.639	-545.176
216	-764.829	-651.351	-529.444	-550.303
217	-766.108	-653.014	-531.047	-551.907
218	-771.836	-658.921	-536.776	-558.572
219	-774.523	-661.755	-539.463	-561.259
220	-778.591	-664.49	-541.724	-563.52
221	-782.884	-668.288	-544.584	-566.38
222	-786.219	-671.943	-547.776	-569.754
223	-787.794	-673.47	-549.144	-571.123
224	-794.308	-677.527	-554.245	-574.941
225	-797.771	-681.166	-557.181	-577.699
226	-800.989	-683.078	-558.842	-579.39
227	-803.476	-685.769	-561.33	-581.877
228	-804.03	-686.502	-561.883	-582.142
229	-807.45	-689.857	-565.004	-585.37
230	-811.029	-695.933	-569.824	-590.19
231	-813.116	-698.099	-571.945	-592.1
232	-814.495	-699.952	-573.262	-593.289
233	-815.414	-701.252	-574.309	-594.208
234	-817.049	-702.449	-575.944	-595.098
235	-821.607	-705.354	-578.553	-597.707
236	-827.727	-709.181	-580.097	-599.251
237	-828.729	-710.251	-582.389	-600.444
238	-830.857	-710.995	-582.949	-601.003
239	-832.979	-713.064	-584.418	-602.865
240	-839.419	-719.628	-590.858	-609.03
241	-842.562	-721.655	-591.483	-610.05
242	-845.174	-723.78	-593.371	-611.938
243	-849.267	-725.187	-594.693	-612.432
244	-853.208	-728.375	-597.746	-615.408
245	-857.355	-731.347	-600.346	-618.447
246	-858.507	-733.135	-601.699	-621.496
247	-862.385	-737.477	-605.578	-626.193
248	-867.914	-740.331	-608.271	-628.005
249	-871.563	-742.656	-609.741	-630.308
250	-874.912	-745.896	-613.09	-636.275
251	-877.535	-748.206	-615.713	-637.995
252	-881.932	-751.667	-618.821	-641.549
253	-887.625	-757.361	-623.451	-645.281
254	-891.544	-761.915	-628.086	-649.917
255	-896.127	-766.682	-632.49	-654.377
256	-899.025	-769.896	-635.388	-657.455
257	-903.661	-773.688	-638.895	-661.056
258	-912.587	-780.534	-645.791	-666.199
259	-914.974	-783.856	-648.178	-668.586
260	-916.254	-785.459	-649.655	-670.749
261	-918.184	-787.971	-651.987	-672.678
262	-926.418	-790.922	-654.698	-676.174
263	-929.55	-792.386	-655.969	-677.087
264	-934.042	-794.757	-657.796	-679.315
265	-937.697	-798.5	-661.452	-682.97
266	-942.375	-809.072	-664.984	-686.502
267	-946.433	-813.954	-669.042	-691.577
268	-947.67	-815.464	-670.819	-692.814
269	-950.439	-819.044	-673.396	-695.678
270	-953.186	-823.131	-676.143	-697.801
271	-955.856	-825.404	-678.112	-699.941
272	-959.263	-828.877	-680.743	-703.349
273	-972.745	-837.435	-688.06	-709.607
274	-976.59	-840.754	-691.933	-712.751
275	-979.669	-842.861	-694.038	-714.347
276	-982.657	-845.649	-695.913	-715.494
277	-984.816	-848.228	-698.212	-717.653
278	-985.604	-849.053	-698.507	-718.441
279	-986.523	-850.295	-700.004	-719.938
280	-990.512	-853.255	-702.307	-722.241
281	-991.886	-855.386	-704.412	-723.615
282	-994.221	-858.365	-706.747	-727.331
283	-995.91	-859.971	-707.701	-728.285
284	-999.104	-863.539	-710.896	-731.479
285	-1000.44	-865.692	-711.233	-731.817
286	-1006.36	-871.748	-716.8	-737.384
287	-1006.74	-873.234	-718.017	-738.601
288	-1013.52	-878.063	-722.651	-743.235
289	-1017.03	-880.874	-726.572	-746.003
290	-1018.61	-882.326	-727.991	-747.286
291	-1025.43	-887.208	-733.594	-751.925
292	-1031.2	-894.05	-740.451	-758.782
293	-1034.35	-897.153	-741.985	-760.116
294	-1037.12	-902.875	-744.331	-762.867
295	-1038.5	-904.878	-745.716	-764.254
296	-1040.01	-906.8	-746.646	-765.771
297	-1043.98	-911.689	-749.111	-768.795
298	-1048.67	-915.046	-751.901	-772.55
299	-1049.35	-915.616	-752.008	-772.657
300	-1051.15	-917.515	-753.891	-774.54
301	-1052.45	-918.942	-754.846	-775.997
302	-1057.92	-922.802	-757.016	-778.167
303	-1062.15	-927.35	-760.762	-782.062
304	-1062.98	-928.894	-762.09	-784.289
305	-1065.04	-931.295	-764.152	-787.643
306	-1070.98	-937.797	-768.865	-792.771
307	-1074.47	-942.334	-773.829	-797.735
308	-1076.06	-944.179	-775.722	-799.318
309	-1083.38	-950.574	-782.17	-805.108
310	-1084.8	-952.563	-783.595	-806.533
311	-1085.12	-953.151	-783.915	-807.343
312	-1090.11	-955.926	-786.072	-809.5
313	-1091.14	-957.031	-787.096	-811.09
314	-1092.88	-959.054	-788.612	-812.716
315	-1093.26	-959.796	-789.024	-813.128
316	-1099.67	-964.847	-794.044	-818.148
317	-1101.95	-968.77	-796.317	-820.421
318	-1103.7	-970.15	-797.158	-820.714
319	-1108.9	-972.131	-798.645	-823.058
320	-1111.21	-974.373	-801.035	-824.776
321	-1111.95	-976.512	-803.082	-826.824
322	-1114.69	-978.002	-803.495	-827.236
323	-1117.19	-981.047	-806.246	-829.671
324	-1121.95	-983.789	-808.563	-832.004
325	-1124.99	-987.222	-811.727	-835.913
326	-1131.14	-993.149	-817.881	-842.974
327	-1134.08	-997.21	-820.426	-845.519
328	-1138.33	-1000.25	-823.141	-847.145
329	-1139.98	-1002.16	-824.724	-848.729
330	-1143.76	-1004.85	-827.449	-850.739
331	-1144.82	-1006.72	-829.603	-854.197
332	-1148.47	-1010.2	-832.073	-857.439
333	-1152.75	-1014.11	-835.709	-860.855
334	-1156.95	-1016.62	-837.133	-862.279
335	-1162.07	-1019.39	-839.689	-864.806
336	-1165.45	-1020.69	-840.918	-866.919
337	-1170.59	-1025.74	-844.974	-870.296
338	-1173.09	-1027.88	-846.843	-872.056
339	-1175.44	-1030.02	-848.916	-873.538
340	-1178.73	-1033.56	-851.978	-876.831
341	-1180.93	-1036.08	-854.179	-879.015
342	-1182.68	-1036.68	-854.582	-879.825
343	-1187.26	-1041.59	-859.164	-884.407
344	-1191.88	-1044.26	-861.472	-886.215
345	-1196.46	-1047.72	-863.342	-889.242
346	-1197.51	-1049.4	-864.556	-891.05
347	-1203.6	-1055.79	-870.941	-897.435
348	-1207.52	-1059.76	-874.409	-900.885
349	-1210.52	-1064.34	-875.25	-901.726
350	-1213.76	-1067.22	-877.587	-904.966
351	-1214.42	-1067.81	-877.941	-905.252
352	-1215.58	-1068.73	-878.635	-905.865
353	-1219.01	-1072.4	-881.625	-908.97
354	-1222.64	-1074.77	-884.514	-911.86
355	-1224.53	-1077.78	-887.313	-915.96
356	-1226.78	-1080.26	-889.124	-917.838
357	-1229.83	-1082.37	-890.226	-918.668
358	-1232.22	-1084.66	-892.185	-921.119
359	-1236.16	-1087.21	-893.606	-922.54
360	-1242.17	-1093.32	-897.103	-925.17
361	-1246.57	-1096.82	-899.836	-927.904
362	-1251.97	-1099.52	-901.272	-928.924
363	-1255.14	-1101.7	-902.458	-930.401
364	-1259.56	-1103.15	-904.048	-931.255
365	-1264.69	-1106.28	-906.398	-934.09
366	-1267.65	-1108.29	-908.092	-936.182
367	-1271.02	-1111.7	-910.693	-938.448
368	-1272.49	-1112.57	-911.14	-938.895
369	-1278.78	-1117.36	-914.735	-941.833
370	-1287.1	-1126.39	-923.053	-948.904
371	-1293.75	-1130.79	-926.414	-952.264
372	-1297.39	-1134.37	-929.786	-955.636
373	-1302.76	-1138.71	-932.905	-959.176
374	-1303.79	-1140.26	-934.583	-961.65
375	-1305.93	-1142.62	-936.72	-963.786
376	-1311.03	-1147.84	-941.649	-968.849
377	-1321.22	-1155.65	-948.825	-975.205
378	-1328.27	-1160.4	-953.467	-979.176
379	-1330.16	-1162.75	-955.364	-981.073
380	-1332.99	-1166.1	-958.531	-983.895
381	-1333.74	-1167.07	-959.284	-984.815
382	-1337.49	-1171.18	-963.123	-989.049
383	-1342.31	-1176.54	-968.115	-994.04
384	-1344.87	-1178.46	-972.224	-996.905
385	-1349.26	-1180.74	-974.145	-998.223
386	-1357.69	-1185.94	-978.921	-1003
387	-1359.3	-1188.42	-980.527	-1004.6
388	-1360.91	-1190.18	-982.138	-1006.05
389	-1363.22	-1192.83	-984.445	-1008.23
390	-1373.8	-1196.5	-986.941	-1009.73
391	-1375.72	-1198.93	-989.066	-1011.65
392	-1384.05	-1205.9	-994.484	-1016.28
393	-1388.67	-1210.07	-997.923	-1019.72
394	-1389.92	-1211.72	-999.758	-1021.55
395	-1392	-1214.03	-1001.99	-1023.79
396	-1392.73	-1216.13	-1004.08	-1024.99
397	-1394.09	-1218.29	-1005.58	-1026.49
398	-1404.89	-1228.01	-1014.52	-1036.19
399	-1409.59	-1230.43	-1016.11	-1037.62
400	-1411.5	-1233.04	-1018.44	-1039.38
401	-1418.18	-1236.29	-1021.66	-1041.42
402	-1421.56	-1238.27	-1023.34	-1043.26
403	-1424.15	-1245.67	-1024.29	-1044.22
404	-1425.83	-1248.44	-1026.82	-1045.9
405	-1427.23	-1249.81	-1027.98	-1047.3
406	-1429.78	-1252.69	-1030.55	-1049.85
407	-1433.22	-1255.93	-1032.38	-1051.86
408	-1436.41	-1259.37	-1035.63	-1055.11
409	-1438.35	-1259.95	-1036.08	-1055.57
410	-1440.31	-1262.12	-1038.08	-1057.57
411	-1441.43	-1264.76	-1039.95	-1058.69
412	-1447.78	-1268.15	-1042.59	-1061.33
413	-1450	-1270.75	-1045.02	-1063.69
414	-1452.13	-1272.84	-1046.71	-1065.39
415	-1454.22	-1275.58	-1048.3	-1066.99
416	-1461.48	-1282.28	-1057.73	-1074.25
417	-1465.72	-1285.57	-1061.07	-1077.11
418	-1468.42	-1287.11	-1062.85	-1078.33
419	-1471.5	-1291.12	-1064.77	-1080.26
420	-1477.65	-1295.61	-1068.5	-1084.36
421	-1480.75	-1297.59	-1069.97	-1085.71
422	-1483.46	-1299.29	-1070.97	-1086.44
423	-1485.54	-1301.02	-1073.06	-1087.67
424	-1489.15	-1305.04	-1077.89	-1093.76
425	-1489.42	-1306.69	-1078.82	-1095.6
426	-1491.33	-1309.33	-1080.72	-1096.99
427	-1494.91	-1313.15	-1084.3	-1099.35
428	-1495.45	-1316.58	-1086.91	-1100.79
429	-1496.84	-1318.38	-1088.48	-1102.18
430	-1504.21	-1324.36	-1094.77	-1107.71
431	-1508.25	-1328.41	-1098.81	-1111.06
432	-1516.95	-1333.33	-1103.19	-1114.01
433	-1521.32	-1337.96	-1107.57	-1118.13
434	-1524.21	-1340.13	-1109.72	-1119.9
435	-1531.15	-1347.15	-1116.67	-1126.84
436	-1534.53	-1350.33	-1119.41	-1130.22
437	-1537.17	-1353.08	-1121.9	-1132.86
438	-1548.31	-1360.21	-1128.58	-1137.74
439	-1550.02	-1363.12	-1132.09	-1141.25
440	-1553.27	-1367.05	-1135.71	-1145.88
441	-1557.26	-1370.56	-1138.23	-1148.34
442	-1559.42	-1372.95	-1140.39	-1151.31
443	-1560.6	-1375.54	-1142.44	-1152.49
444	-1563.55	-1378.71	-1145.3	-1155.79
445	-1568.23	-1383.04	-1149.97	-1158.99
446	-1575.51	-1385.48	-1152	-1160.07
447	-1579.34	-1388	-1154.31	-1162.18
448	-1582.75	-1391.81	-1157.71	-1165.58
449	-1586.05	-1395.43	-1161.27	-1169.9
450	-1588.95	-1399.58	-1167.32	-1174.14
451	-1593.4	-1402.96	-1169.9	-1176.33
452	-1597.74	-1406.38	-1172.99	-1179.27
453	-1602.23	-1409.55	-1175.68	-1181.96
454	-1604.66	-1412.1	-1177.43	-1183.71
455	-1605.64	-1413.88	-1178.56	-1185.49
456	-1607.01	-1415.2	-1179.4	-1186.42
457	-1609.69	-1417.85	-1182.08	-1188.58
458	-1614.64	-1421.56	-1184.04	-1189.68
459	-1616.54	-1423.5	-1185.19	-1190.56
460	-1624.12	-1425.83	-1186.25	-1191.57
461	-1628.06	-1430.2	-1189.94	-1195.45
462	-1632.2	-1431.81	-1191.39	-1196.22
463	-1640.11	-1437.23	-1196.02	-1201.47
464	-1643.05	-1440.29	-1198.18	-1203.2
465	-1645.07	-1442.59	-1200.2	-1205.23
466	-1647.98	-1445.97	-1203.68	-1208.71
467	-1650.33	-1448.9	-1206.03	-1211.06
468	-1657.52	-1451.94	-1208.48	-1212.69
469	-1659.79	-1453.55	-1209.88	-1214.96
470	-1667.46	-1460.68	-1216.4	-1220.88
471	-1673.69	-1465.16	-1219.91	-1224.39
472	-1679.46	-1470.41	-1223.94	-1228.41
473	-1681.68	-1473.55	-1226.86	-1230.64
474	-1683.41	-1475.5	-1228.58	-1231.65
475	-1693.24	-1482.65	-1230.89	-1233.95
476	-1696.01	-1487.76	-1237.25	-1238.6
477	-1698.85	-1490.33	-1239.58	-1240.74
478	-1701.1	-1492.86	-1241.55	-1242.88
479	-1704.46	-1495.59	-1243.71	-1245.04
480	-1708.87	-1500.96	-1248.12	-1249.45
481	-1712.51	-1502.98	-1249.38	-1250.69
482	-1714.14	-1504.17	-1250.48	-1251.7
483	-1715.13	-1505.43	-1250.99	-1252.25
484	-1723.76	-1512.84	-1257.87	-1259.12
485	-1729.02	-1518.56	-1263.49	-1265.6
486	-1732.75	-1520.72	-1265.36	-1267.09
487	-1736.69	-1525.81	-1271.56	-1273.29
488	-1739.29	-1527.08	-1272.38	-1273.83
489	-1741.47	-1529.16	-1274.26	-1275.78
490	-1746.97	-1533.62	-1279.76	-1280.03
491	-1748.87	-1535.74	-1280.93	-1280.89
492	-1752.74	-1538.86	-1284.4	-1283.91
493	-1758.56	-1545.26	-1290.27	-1290.56
494	-1760.55	-1547.74	-1292.17	-1293
495	-1760.92	-1548.42	-1292.89	-1293.37
496	-1768.17	-1553.64	-1295.25	-1295.73
497	-1773	-1557.19	-1299	-1298.76
498	-1777.87	-1561.27	-1302.79	-1302.55
499	-1780.67	-1563.78	-1304.31	-1303.24
500	-1788.98	-1567.98	-1308.37	-1306.61
501	-1791.54	-1569.84	-1310.12	-1308.36
502	-1794.44	-1572.68	-1314.44	-1310.39
503	-1799.45	-1578.03	-1319.46	-1314.59
504	-1802.5	-1579.72	-1320.71	-1316.55
505	-1808.67	-1582.77	-1321.68	-1317.7
506	-1812.81	-1587.54	-1326.38	-1321.84
507	-1815.37	-1591.18	-1328.94	-1323.2
508	-1818.34	-1594.64	-1331.92	-1326.43
509	-1824.89	-1601.91	-1335.52	-1329.33
510	-1828.92	-1605.69	-1339.15	-1332.95
511	-1832.85	-1607.72	-1340.86	-1334.19
512	-1833.9	-1609.58	-1344.26	-1336.44
513	-1835.69	-1611.65	-1346.49	-1338.23
514	-1845.32	-1614.35	-1348.16	-1339.15
515	-1848.68	-1618.1	-1350.14	-1341.13
516	-1853.58	-1623.05	-1354.82	-1346.16
517	-1855.06	-1624.37	-1357.21	-1347.65
518	-1855.5	-1625.64	-1359.88	-1349.13
519	-1862.98	-1629.75	-1363.99	-1352.11
520	-1865.85	-1632.71	-1366.82	-1354.98
521	-1867.45	-1634.63	-1368.42	-1356.58
522	-1870.02	-1638.35	-1372.05	-1359.48
523	-1875.34	-1643.69	-1376.95	-1364.37
524	-1877.96	-1646.53	-1379.08	-1366.46
525	-1883.57	-1651.25	-1383.43	-1371.3
526	-1887.01	-1654.76	-1386.3	-1374.33
527	-1889.98	-1655.99	-1387.24	-1375.27
528	-1891.96	-1658.12	-1389.22	-1376.9
529	-1895.93	-1661.38	-1392.22	-1379.33
530	-1898.11	-1663.43	-1394.61	-1382.64
531	-1902.51	-1667.03	-1397.57	-1386.16
532	-1905.91	-1669.62	-1400.96	-1388.26
533	-1912.99	-1675.64	-1406.96	-1393.59
534	-1928.58	-1679.34	-1409.49	-1396.11
535	-1931.82	-1682.11	-1411.14	-1397.47
536	-1938.62	-1683.76	-1411.92	-1399.14
537	-1942.41	-1686.94	-1413.2	-1399.87
538	-1945.45	-1690.9	-1417.67	-1403.24
539	-1949.91	-1692.88	-1419.2	-1404.77
540	-1952.29	-1694.78	-1420.47	-1406.13
541	-1953.45	-1695.91	-1421.42	-1407.29
542	-1954.89	-1698.15	-1422.86	-1408.62
543	-1956.84	-1700.53	-1426.52	-1411.24
544	-1958.62	-1702.51	-1428.3	-1413.01
545	-1959.34	-1703.55	-1429.37	-1414.08
546	-1966.39	-1709.47	-1434.58	-1419.3
547	-1980.43	-1713.49	-1436.47	-1421.18
548	-1983.34	-1715.61	-1437.2	-1421.92
549	-1987.76	-1720.4	-1441.73	-1426.82
550	-1991.82	-1723.74	-1444.89	-1429.82
551	-1996.06	-1728.2	-1449.13	-1434.06
552	-1997.81	-1729.95	-1450.62	-1435.55
553	-2009.02	-1738.96	-1455.45	-1439.86
554	-2010.83	-1742.21	-1459.02	-1442.42
555	-2018.12	-1747.61	-1464.63	-1446.91
556	-2022.61	-1750.28	-1467.73	-1449.13
557	-2024.14	-1752.1	-1469.27	-1450.67
558	-2033.06	-1758.95	-1475.45	-1457.2
559	-2035.28	-1761.72	-1478.19	-1459.43
560	-2036.94	-1764	-1480.95	-1461.4
561	-2039.29	-1765.71	-1483.3	-1462.95
562	-2046.97	-1772.27	-1489.59	-1469.72
563	-2049.71	-1775.08	-1494.33	-1473.32
564	-2050.82	-1776.31	-1494.92	-1473.86
565	-2053	-1778.14	-1496.51	-1475.36
566	-2058.57	-1784.16	-1502.45	-1480.92
567	-2059.4	-1785.84	-1504.35	-1482.08
568	-2060.02	-1787.91	-1506.97	-1483.46
569	-2062.01	-1790.7	-1508.43	-1484.91
570	-2063.07	-1791.73	-1508.85	-1485.97
571	-2068.71	-1794.22	-1512.75	-1488.65
572	-2071.03	-1797.47	-1515.75	-1490.97
573	-2079.96	-1807.31	-1527	-1501.03
574	-2099.34	-1823.36	-1534.64	-1506.92
575	-2104.76	-1826.91	-1537.9	-1510.17
576	-2105.82	-1828.27	-1538.96	-1511.52
577	-2110.2	-1833.21	-1539.5	-1512.94
578	-2111.1	-1833.89	-1540.16	-1514.31
579	-2112.74	-1835.72	-1541.88	-1515.95
580	-2116.29	-1838.2	-1543.97	-1518.04
581	-2121.12	-1841.94	-1547.58	-1520.77
582	-2121.97	-1843.17	-1548.58	-1521.62
583	-2125.01	-1846.5	-1551.62	-1524.67
584	-2126.82	-1849.14	-1553.68	-1526.73
585	-2132.26	-1852.8	-1556.04	-1529.09
586	-2140.13	-1859.19	-1561.55	-1533.97
587	-2144.2	-1861.76	-1564.32	-1535.85
588	-2146.9	-1864.51	-1566.53	-1537.95
589	-2152.44	-1867.01	-1568.3	-1539.71
590	-2156.51	-1870.9	-1572.06	-1543.48
591	-2157.08	-1871.73	-1572.62	-1544.05
592	-2159.15	-1873.37	-1574.69	-1545.47
593	-2164.06	-1881.12	-1579.61	-1549.36
594	-2169.17	-1886.82	-1587.92	-1554.46
595	-2172.09	-1888.78	-1589.79	-1555.61
596	-2177.57	-1893.67	-1596.16	-1560.35
597	-2180.78	-1896.31	-1598.47	-1562.22
598	-2185.03	-1900.16	-1602.76	-1565.68
599	-2189.94	-1904.04	-1606.48	-1568.58
600	-2192.52	-1907.21	-1608.99	-1571.08
601	-2195.9	-1910.87	-1612.88	-1574.47
602	-2197.98	-1913.27	-1614.75	-1576.34
603	-2199.73	-1914.4	-1615.44	-1577.03
604	-2204.48	-1918.31	-1616.44	-1578.03
605	-2216.48	-1924.35	-1619.44	-1579.76
606	-2217.31	-1926.29	-1620.76	-1581.08
607	-2219.68	-1928.61	-1623.46	-1583.23
608	-2222.77	-1932.3	-1626.55	-1586.85
609	-2226.17	-1936.39	-1630.29	-1592.87
610	-2230.36	-1939.8	-1632.45	-1595.24
611	-2232.3	-1943.74	-1634.56	-1598.8
612	-2233.72	-1945.9	-1637.52	-1600.77
613	-2235.72	-1948.2	-1639.52	-1602.84
614	-2239.65	-1951	-1641.8	-1605.33
615	-2244.23	-1956.33	-1646.68	-1609.75
616	-2245.35	-1957.92	-1647.8	-1611.44
617	-2246.33	-1959.05	-1649.34	-1612.36
618	-2248.97	-1961.85	-1652.37	-1615.39
619	-2249.97	-1964.48	-1654.86	-1617.88
620	-2251.85	-1966.75	-1657.18	-1619.76
621	-2255.45	-1971.39	-1663.77	-1625.1
622	-2256.25	-1972.49	-1664.75	-1625.9
623	-2264.18	-1976.04	-1667.63	-1628.44
624	-2268.75	-1977.92	-1669.4	-1630.21
625	-2273.92	-1981.42	-1673.23	-1633.2
626	-2275.9	-1984.46	-1675.22	-1635.18
627	-2276.57	-1986.27	-1676.26	-1635.85
628	-2282.29	-1990.62	-1680.73	-1639.52
629	-2283.05	-1991.41	-1681.49	-1640.28
630	-2285.74	-1993.11	-1682.52	-1641.11
631	-2288.77	-1997.86	-1686.95	-1646.88
632	-2290.49	-2001.03	-1687.47	-1647.39
633	-2293.24	-2003.21	-1689.4	-1649.02
634	-2301.14	-2009.6	-1697.3	-1655.6
635	-2304.12	-2012.9	-1700.31	-1658.62
636	-2307.44	-2014.69	-1701.75	-1660.17
637	-2312.57	-2018.43	-1704.76	-1663.66
638	-2315.93	-2021.37	-1707.51	-1667.02
639	-2316.65	-2022.06	-1707.63	-1667.13
640	-2318.59	-2024.17	-1709.26	-1669.08
641	-2324.54	-2029.39	-1714.13	-1673.11
642	-2327.09	-2032.68	-1717.26	-1676.24
643	-2335.35	-2036.28	-1721.66	-1679.36
644	-2337.65	-2038.9	-1724.03	-1681.72
645	-2343.11	-2042.88	-1728.41	-1685.47
646	-2345.39	-2044.38	-1729.57	-1686.63
647	-2346.91	-2046.11	-1730.67	-1687.73
648	-2349.03	-2047.73	-1732.79	-1689.18
649	-2350.21	-2049.27	-1733.98	-1690.36
650	-2351.26	-2050.84	-1735.82	-1691.41
651	-2355.51	-2053.76	-1738.56	-1694.92
652	-2358.82	-2057.29	-1741.07	-1697.43
653	-2359.1	-2058.04	-1741.84	-1697.71
654	-2363.13	-2061.85	-1744.96	-1701.36
655	-2364.8	-2063.57	-1746.02	-1702.42
656	-2370.3	-2065.83	-1747.79	-1703.64
657	-2373.52	-2070.06	-1752.87	-1708.72
658	-2375.68	-2073.37	-1754.38	-1710.01
659	-2376.89	-2073.88	-1754.6	-1710.24
660	-2380.84	-2076.78	-1755.97	-1711.6
661	-2381.79	-2078.05	-1757.21	-1712.85
662	-2383.96	-2080.06	-1759.38	-1714.12
663	-2384.99	-2081.51	-1760.42	-1715.16
664	-2387.56	-2083.6	-1762.06	-1716.4
665	-2389.95	-2085.79	-1763.71	-1718.05
666	-2391.8	-2088.2	-1766.13	-1719.91
667	-2394.59	-2091.25	-1771.45	-1723.79
668	-2399.82	-2092.87	-1772.78	-1725.13
669	-2401.26	-2096.69	-1774.22	-1726.56
670	-2404.92	-2100.95	-1777.72	-1730.35
671	-2406.83	-2103.04	-1779.87	-1732.5
672	-2409.06	-2105.5	-1782.59	-1734.73
673	-2419.08	-2109.16	-1785.34	-1736.68
674	-2419.36	-2109.69	-1785.92	-1736.92
675	-2422.44	-2113.18	-1789.01	-1740
676	-2424.23	-2115.38	-1791.32	-1742.31
677	-2427.54	-2118.72	-1794.59	-1745.34
678	-2429.08	-2121.08	-1797.1	-1747.85
679	-2429.45	-2121.92	-1797.64	-1748.38
680	-2431.95	-2124.78	-1800.26	-1751
681	-2433.79	-2127.38	-1802.1	-1752.85
682	-2438.46	-2133.2	-1805.54	-1755.52
683	-2443.34	-2138.01	-1808.6	-1759.33
684	-2447.69	-2140.46	-1810.13	-1760.09
685	-2460.55	-2152.64	-1817.03	-1766.98
686	-2462.24	-2153.93	-1818.72	-1768.67
687	-2467.96	-2158.7	-1822.8	-1772.67
688	-2469.69	-2160.67	-1824.06	-1774.39
689	-2471.48	-2163.31	-1825.85	-1776.19
690	-2474.63	-2166.27	-1828.5	-1778.85
691	-2478.3	-2169.65	-1830.93	-1781.28
692	-2486.49	-2177	-1835.59	-1784.45
693	-2490.78	-2179.19	-1837.09	-1785.95
694	-2492.11	-2180.39	-1838.1	-1786.99
695	-2494.6	-2182.63	-1840.02	-1788.62
696	-2501.47	-2185.74	-1842.83	-1792.36
697	-2506.45	-2191.56	-1847.82	-1795.65
698	-2507.97	-2193.47	-1850.84	-1798.67
699	-2510.4	-2196.08	-1853.27	-1801.1
700	-2512.24	-2198.07	-1855.11	-1802.88
701	-2514.44	-2200.69	-1857.97	-1805.74
702	-2518.8	-2202.78	-1860	-1807.23
703	-2521.45	-2204.06	-1860.41	-1807.55
704	-2522.95	-2206.38	-1862.21	-1810.09
705	-2524.97	-2208.37	-1863.82	-1812.09
706	-2525.67	-2209.58	-1864.72	-1812.8
707	-2527.79	-2212	-1866.85	-1814.92
708	-2529.1	-2213.48	-1868.74	-1816.17
709	-2532.42	-2218.09	-1872.62	-1820.04
710	-2535.84	-2221.58	-1875.44	-1822.72
711	-2541.84	-2227.86	-1881.4	-1828.71
712	-2542.87	-2229.04	-1882.69	-1830
713	-2548.59	-2235.08	-1888.41	-1835.61
714	-2550.5	-2235.89	-1889.19	-1836.07
715	-2552.84	-2238.75	-1892.55	-1838.68
716	-2557.71	-2243.28	-1896.35	-1842.85
717	-2564.59	-2248.05	-1900.19	-1846.48
718	-2568.19	-2251.91	-1903.6	-1849.78
719	-2572.11	-2255.93	-1907.52	-1853.12
720	-2573.86	-2257.86	-1909.27	-1855.03
721	-2576.33	-2260.85	-1911.74	-1857.62
722	-2580.56	-2264.21	-1914.73	-1860.61
723	-2581.96	-2264.93	-1915.45	-1861.03
724	-2583.13	-2266.34	-1916.62	-1862.2
725	-2590.15	-2272.08	-1923.64	-1867.26
726	-2591.56	-2273.03	-1924.46	-1867.81
727	-2592.63	-2273.41	-1924.56	-1868.2
728	-2600.03	-2281.12	-1932.16	-1875.8
729	-2603.21	-2283.69	-1934.42	-1877.74
730	-2604.29	-2284.85	-1935.5	-1878.6
731	-2609.08	-2287.87	-1938.74	-1880.87
732	-2614.14	-2291.34	-1940.86	-1882.89
733	-2626.92	-2296.81	-1943.42	-1885.45
734	-2629.91	-2299.9	-1945.83	-1887.84
735	-2635.98	-2303.26	-1950.08	-1890.78
736	-2638.86	-2306.29	-1952.96	-1893.66
737	-2640.33	-2308.02	-1954.43	-1895.14
738	-2644.96	-2313.69	-1956.78	-1897.48
739	-2646.96	-2315.62	-1958.26	-1898.96
740	-2649.15	-2318.02	-1960.4	-1901.1
741	-2655.98	-2324	-1967.23	-1906.71
742	-2660.36	-2328.75	-1971.64	-1911.12
743	-2662.7	-2331.26	-1973.98	-1913.46
744	-2663.05	-2332.39	-1974.33	-1913.81
745	-2670.32	-2338	-1979.86	-1918.06
746	-2678.06	-2342.64	-1984.38	-1921.67
747	-2690.87	-2345.44	-1985.92	-1923.21
748	-2695.79	-2348.33	-1988.3	-1925.65
749	-2702.32	-2351.92	-1991.68	-1928.77
750	-2704.99	-2354.67	-1994.07	-1931.15
751	-2705.32	-2356.07	-1994.4	-1931.48
752	-2712.41	-2362.2	-1999.92	-1935.59
753	-2715.76	-2365.17	-2002.22	-1938.21
754	-2721.74	-2368.65	-2004.73	-1941
755	-2726.27	-2372.31	-2007.93	-1944.27
756	-2735.02	-2377.35	-2012.86	-1948.74
757	-2737.92	-2380.97	-2015.77	-1951.01
758	-2739.26	-2382.59	-2017.1	-1952.35
759	-2746.23	-2387.36	-2021.76	-1956.39
760	-2752.04	-2391.75	-2026.55	-1960.5
761	-2752.8	-2392.4	-2026.96	-1961.26
762	-2757.26	-2394.74	-2028.84	-1963.16
763	-2758.66	-2396.18	-2030.35	-1964.21
764	-2760.12	-2398.13	-2032.03	-1965.66
765	-2763.41	-2401.27	-2035.32	-1968.04
766	-2771.85	-2403.2	-2036.48	-1969.2
767	-2774.22	-2405.24	-2038.37	-1971.57
768	-2787.44	-2415.52	-2046.13	-1977.02
769	-2793.22	-2420.82	-2048.57	-1979.46
770	-2794.84	-2422.1	-2050.19	-1980.35
771	-2798.21	-2425.95	-2053.89	-1984.05
772	-2804.65	-2429.72	-2056.06	-1985.57
773	-2811.27	-2433.28	-2056.26	-1985.77
774	-2813.42	-2435.54	-2057.97	-1987.48
775	-2820.41	-2439.47	-2060.67	-1990.21
776	-2825.55	-2445.55	-2061.95	-1991.17
777	-2827.96	-2447.95	-2063.38	-1991.94
778	-2829.69	-2449.57	-2064.65	-1993.15
779	-2831.73	-2451.86	-2066.89	-1995.39
780	-2835.29	-2455.41	-2070.45	-1998.56
781	-2838.31	-2458.63	-2073.99	-2001.58
782	-2840.84	-2462.51	-2076.52	-2004.11
783	-2842.68	-2464.72	-2078.39	-2005.95
784	-2847.39	-2470.1	-2083.09	-2011.56
785	-2855.68	-2475.91	-2087.87	-2015.99
786	-2859.76	-2480.27	-2091.63	-2019.76
787	-2862.74	-2483.68	-2094.39	-2022.73
788	-2867.63	-2488.82	-2099.28	-2027.62
789	-2877.24	-2493.22	-2102.56	-2030.35
790	-2879.35	-2498.61	-2104.32	-2032.47
791	-2882.2	-2500.8	-2107.17	-2034.34
792	-2886.44	-2505.41	-2112.6	-2039.07
793	-2888.07	-2507.3	-2114.85	-2040.71
794	-2891.66	-2510.92	-2117.27	-2043.13
795	-2896.94	-2513.81	-2120.23	-2045.54
796	-2898.8	-2516.69	-2122.68	-2048
797	-2903.22	-2521.02	-2126.26	-2051.58
798	-2907.5	-2525.74	-2131.26	-2056.58
799	-2908.69	-2527.25	-2132.65	-2058.62
800	-2914.11	-2530.93	-2135.9	-2062.13
801	-2917.19	-2534.29	-2138.97	-2065.2
802	-2919.63	-2536.85	-2141.41	-2067.64
803	-2920.52	-2537.89	-2142.1	-2068.53
804	-2923.02	-2539.85	-2143.02	-2069.75
805	-2926.16	-2542.27	-2146.16	-2071.81
806	-2930.9	-2545.91	-2148.28	-2073.93
807	-2932.96	-2548.49	-2150.85	-2076.5
808	-2938.3	-2550.47	-2152.53	-2078.18
809	-2939.08	-2551.77	-2153.28	-2079.34
810	-2945.51	-2556.79	-2156.22	-2082.28
811	-2950.17	-2558.92	-2157.6	-2083.66
812	-2958.99	-2562.25	-2160.53	-2086.22
813	-2961.43	-2563.93	-2162.11	-2087.81
814	-2962.04	-2564.6	-2162.72	-2088.41
815	-2965.23	-2567.73	-2165.78	-2091.93
816	-2966.66	-2569.33	-2167.11	-2093.27
817	-2975.88	-2571.99	-2169.44	-2095.59
818	-2977.57	-2573.9	-2171.48	-2098.45
819	-2978.48	-2576.56	-2172.7	-2099.29
820	-2980.54	-2580.3	-2173.91	-2100.51
821	-2982.4	-2583.23	-2175.78	-2102.36
822	-2983.05	-2584.01	-2176.05	-2103.01
823	-2983.78	-2585.97	-2177.75	-2103.96
824	-2985.87	-2588.86	-2180.16	-2106.05
825	-2986.71	-2589.84	-2180.84	-2106.96
826	-2989.46	-2594.1	-2185.7	-2110.65
827	-2997.39	-2602.43	-2194.62	-2118.58
828	-3001.49	-2606.62	-2198.26	-2122.68
829	-3005.05	-2610.66	-2201.82	-2126.29
830	-3009.22	-2614.17	-2205.22	-2129.34
831	-3011.13	-2616.35	-2207.61	-2131.74
832	-3014.24	-2619.9	-2211.09	-2134.73
833	-3018.18	-2624.29	-2215.03	-2138.67
834	-3020.27	-2626.48	-2216.9	-2140.54
835	-3024.7	-2631.07	-2221.33	-2144.91
836	-3031.2	-2634.04	-2223.39	-2146.37
837	-3036.23	-2639.57	-2228.46	-2151.44
838	-3040.51	-2643.41	-2231.85	-2155.18
839	-3046.05	-2648.44	-2235.65	-2158.98
840	-3049.99	-2652.47	-2238.96	-2162.03
841	-3050.84	-2654.33	-2239.81	-2163.27
842	-3052.57	-2656.31	-2241.54	-2165.01
843	-3055.12	-2658.6	-2243.47	-2166.7
844	-3056.8	-2660.14	-2244.67	-2167.68
845	-3059.42	-2662.59	-2248.05	-2170.29
846	-3063.41	-2665.92	-2250.41	-2172.48
847	-3063.92	-2666.73	-2251.12	-2173.19
848	-3066.69	-2670.63	-2255.38	-2177.45
849	-3069.25	-2675.81	-2266.28	-2180.01
850	-3073.26	-2678.25	-2267.63	-2181.36
851	-3083.83	-2681.91	-2271.41	-2186.19
852	-3085.62	-2684.05	-2273.21	-2187.99
853	-3091.23	-2689.67	-2278.27	-2193.5
854	-3093.56	-2691.65	-2279.99	-2195.43
855	-3096.05	-2694.41	-2282.48	-2197.88
856	-3102.51	-2700.04	-2287.76	-2203.4
857	-3102.87	-2700.65	-2288.12	-2203.89
858	-3110.19	-2703.96	-2291.52	-2205.98
859	-3116.67	-2706.54	-2293.02	-2207.47
860	-3123.47	-2712.53	-2296.73	-2211.19
861	-3127.64	-2718.63	-2302.53	-2215.92
862	-3129.06	-2719.72	-2303.4	-2216.89
863	-3132.15	-2721.56	-2304.92	-2218.81
864	-3134.57	-2724.4	-2306.23	-2219.68
865	-3137.07	-2725.95	-2307.09	-2220.74
866	-3141.17	-2728.33	-2309.11	-2222.37
867	-3148.14	-2736.58	-2315.11	-2227.81
868	-3149.5	-2738.06	-2316.06	-2229.17
869	-3153.86	-2742.23	-2320.42	-2232.99
870	-3156.27	-2744.94	-2322.83	-2234.52
871	-3158.94	-2747.6	-2326.37	-2237.18
872	-3163.44	-2750.8	-2328.85	-2239.24
873	-3167.82	-2755.07	-2331.19	-2241.87
874	-3173.65	-2761.29	-2337.03	-2247.71
875	-3175.66	-2763.74	-2338.49	-2249.02
876	-3179.9	-2766.82	-2340.04	-2249.84
877	-3182.25	-2769.57	-2342.53	-2253.11
878	-3183.11	-2770.65	-2343.67	-2253.97
879	-3186.59	-2773.54	-2346.45	-2256.75
880	-3191.72	-2777.36	-2348.79	-2258.38
881	-3198.3	-2783.44	-2354.52	-2263.59
882	-3201.5	-2787.16	-2357.72	-2266.9
883	-3203.85	-2789.15	-2359.16	-2268.54
884	-3208.8	-2793.94	-2363.35	-2272.49
885	-3213.1	-2799.25	-2367.64	-2275.53
886	-3216.17	-2800.94	-2368.9	-2276.78
887	-3219.6	-2805.54	-2374.63	-2282.51
888	-3227.68	-2809.18	-2377.29	-2285.17
889	-3228.35	-2809.9	-2377.65	-2285.58
890	-3232.24	-2812.51	-2379.71	-2287.41
891	-3236.7	-2816.8	-2384.2	-2291.44
892	-3238.48	-2819.01	-2385.74	-2293.18
893	-3249.58	-2821.79	-2387.64	-2294.46
894	-3253.63	-2824.93	-2390.06	-2296.76
895	-3255.91	-2827.46	-2392.58	-2299.04
896	-3258.47	-2831.15	-2394.57	-2301.03
897	-3263.69	-2836.62	-2399.79	-2305.85
898	-3267.94	-2839.27	-2401.34	-2307.44
899	-3269.57	-2841.23	-2403.32	-2309.17
900	-3270.6	-2842.22	-2404.08	-2309.92
901	-3273.5	-2845.51	-2406.98	-2312.82
902	-3275.21	-2848.15	-2411.06	-2316.9
903	-3276.31	-2849.03	-2411.58	-2317.43
904	-3278.69	-2851.92	-2413.96	-2319.85
905	-3282.77	-2854.91	-2416.01	-2321.51
906	-3288.24	-2858.67	-2421.49	-2325.46
907	-3293.3	-2862.75	-2424.99	-2329.7
908	-3296.42	-2865.95	-2427.14	-2331.85
909	-3297.97	-2871.41	-2431.92	-2335.13
910	-3303.07	-2876.94	-2437.47	-2340.31
911	-3307.35	-2881.75	-2441.97	-2345.54
912	-3308.11	-2883.66	-2442.87	-2347.05
913	-3309.74	-2885.4	-2444.35	-2348.53
914	-3310.99	-2887.63	-2446.29	-2350.47
915	-3315.47	-2889.8	-2447.08	-2350.87
916	-3317.92	-2893.06	-2450.53	-2354.32
917	-3319.34	-2894.58	-2451.95	-2356.53
918	-3320.57	-2896.29	-2453.18	-2357.76
919	-3321.27	-2897.15	-2454.01	-2358.32
920	-3323.69	-2900.04	-2456.86	-2361.17
921	-3329.72	-2906.64	-2463.32	-2367.63
922	-3331.39	-2908.42	-2464.95	-2369.69
923	-3339.69	-2911.23	-2466.99	-2371.1
924	-3344.68	-2915.14	-2470.61	-2374.79
925	-3348.48	-2918.96	-2474.4	-2377.59
926	-3350.34	-2921.8	-2477.13	-2379.45
927	-3353.73	-2925.79	-2479.99	-2382.31
928	-3354.42	-2926.75	-2481.82	-2383.36
929	-3357.14	-2929.89	-2484.42	-2386.13
930	-3362.2	-2932.99	-2487.04	-2389.29
931	-3364.7	-2936.18	-2488.87	-2391.12
932	-3372.01	-2943.21	-2491.54	-2393.03
933	-3381.79	-2948.74	-2497.3	-2398.78
934	-3384.17	-2950.95	-2498.97	-2400.16
935	-3391.51	-2956.82	-2502.94	-2403.11
936	-3393.07	-2958.75	-2504.5	-2404.67
937	-3396.37	-2962.48	-2508.12	-2407.97
938	-3397.52	-2964.47	-2511.62	-2410.34
939	-3400.24	-2967.37	-2514.26	-2414.09
940	-3407.05	-2973.67	-2520.41	-2419.84
941	-3411.87	-2977.84	-2524.4	-2423.5
942	-3417.17	-2982.63	-2528.55	-2428.81
943	-3419.35	-2984.83	-2530.24	-2430.5
944	-3423.29	-2987.51	-2532.1	-2432.36
945	-3428.43	-2993.41	-2532.92	-2433.7
946	-3430.78	-2998.38	-2534.87	-2435.65
947	-3434.06	-3001.68	-2536.18	-2436.65
948	-3435.09	-3006.42	-2537.24	-2438.05
949	-3438.69	-3010.72	-2541.13	-2441.58
950	-3440.02	-3012.29	-2542.84	-2443.29
951	-3445.17	-3015	-2544.97	-2444.55
952	-3447.68	-3016.64	-2546.58	-2445.68
953	-3454.65	-3021.39	-2551.78	-2449.76
954	-3456.41	-3023.46	-2553.66	-2451.52
955	-3457.48	-3025.9	-2555.4	-2453.26
956	-3459.73	-3028.3	-2557.7	-2455.08
957	-3461.25	-3030.12	-2560.04	-2456.61
958	-3462.41	-3031.37	-2560.94	-2457.7
959	-3463.6	-3032.51	-2561.77	-2458.54
960	-3464.44	-3034.05	-2562.21	-2458.99
961	-3468.57	-3036.47	-2565.11	-2461.04
962	-3470.57	-3039.59	-2566.17	-2461.61
963	-3471.4	-3040.71	-2566.99	-2462.72
964	-3474.59	-3044.17	-2571.08	-2465.92
965	-3475.7	-3045.24	-2572.19	-2466.56
966	-3478.98	-3048.45	-2574.59	-2469.27
967	-3482.52	-3052.07	-2577.66	-2472.25
968	-3485.52	-3055.68	-2581.94	-2476.53
969	-3491.14	-3058.97	-2584.47	-2479.33
970	-3492.04	-3060.45	-2585.91	-2481.72
971	-3496.94	-3061.5	-2586.32	-2482.07
972	-3501.19	-3064.65	-2589.24	-2484.92
973	-3504.09	-3068.68	-2592.03	-2487.63
974	-3507.83	-3072.56	-2596.66	-2490.89
975	-3511.25	-3073.8	-2597.84	-2491.53
976	-3512.74	-3075.43	-2600.57	-2493.4
977	-3515.83	-3077.16	-2602.34	-2495.17
978	-3519.1	-3080.62	-2605.62	-2498.44
979	-3520.84	-3082.58	-2607.35	-2500.18
980	-3528.27	-3089.23	-2614.79	-2506.93
981	-3530.16	-3090.91	-2615.34	-2507.83
982	-3531.43	-3092.43	-2617.09	-2509.11
983	-3536.58	-3096.57	-2620.95	-2512.98
984	-3541	-3102.31	-2621.84	-2513.55
985	-3546.18	-3105.24	-2624.52	-2516.33
986	-3548.32	-3107.41	-2626.3	-2518.11
987	-3551.29	-3109.95	-2628.61	-2520.42
988	-3559.13	-3115.15	-2632.2	-2523.36
989	-3560.87	-3117.07	-2634.38	-2525.53
990	-3566.28	-3121.39	-2637.38	-2527.8
991	-3568.89	-3123.22	-2638.97	-2529.92
992	-3572.89	-3125.51	-2640.63	-2531.64
993	-3577.12	-3129.57	-2644.43	-2535.35
994	-3582.45	-3133.53	-2647.54	-2538.02
995	-3586.15	-3137.1	-2650.61	-2541.73
996	-3591.03	-3142.66	-2656.42	-2546.6
997	-3597	-3148.52	-2661.99	-2552.17
998	-3597.57	-3149.06	-2662.2	-2552.39
999	-3600.76	-3151.63	-2664.26	-2555.58
1000	-3604.39	-3155.46	-2664.93	-2556.36
