x	measured	measured_err	extrapolated
0	nan	nan	-0.058308
1	nan	nan	-0.0595435
2	nan	nan	-0.0607791
3	nan	nan	-0.0620147
4	nan	nan	-0.0632502
5	nan	nan	-0.0644858
6	nan	nan	-0.0657214
7	-0.0664062	0.00306939	nan
8	-0.0683511	0.00306939	nan
9	-0.069486	0.00306939	nan
10	-0.0706037	0.00306939	nan
11	-0.0718664	0.00306939	nan
12	-0.0732073	0.00306939	nan
13	-0.0743762	0.00306939	nan
14	-0.0755463	0.00306939	nan
15	-0.0768886	0.00306939	nan
16	-0.0779954	0.00306939	nan
17	-0.0792961	0.00306939	nan
18	-0.0808478	0.00306939	nan
19	-0.0820677	0.00306939	nan
20	nan	nan	-0.0830193
21	nan	nan	-0.0842549
22	nan	nan	-0.0854904
23	nan	nan	-0.086726
