x	worst_wrong	mean_wrong	best_wrong	true_weight
1	-77.3037	-16.2237	-2.88612	-3.57158
2	-117.029	-24.156	-4.00154	-6.2096
3	-129.359	-32.2038	-5.92631	-8.13437
4	-142.125	-35.9607	-6.8372	-9.87319
5	-145.147	-41.0631	-8.9266	-11.9626
6	-160.546	-44.6417	-10.1053	-13.1984
7	-188.457	-63.0924	-12.9625	-16.7837
8	-191.629	-67.16	-13.6701	-18.5943
9	-195.203	-76.6299	-16.4881	-20.0438
10	-198.837	-79.5247	-18.2753	-20.7179
11	-231.227	-93.1161	-21.6188	-24.6523
12	-232.3	-97.0881	-23.4805	-26.1907
13	-253.887	-107.485	-25.7576	-27.9268
14	-293.49	-120.222	-27.9913	-30.1743
15	-332.737	-142.285	-34.7409	-37.8586
16	-335.482	-148.437	-37.4856	-41.2779
17	-362.4	-164.717	-42.4014	-45.7431
18	-371.579	-172.742	-44.3965	-47.8737
19	-384.474	-180.184	-48.3169	-50.5763
20	-394.578	-188.89	-51.1135	-54.539
21	-397.417	-196.204	-53.9531	-57.976
22	-399.485	-200.589	-54.7451	-58.9978
23	-404.444	-204.2	-55.8048	-61.7147
24	-412.361	-211.659	-59.0231	-66.4387
25	-433.322	-220.164	-63.5515	-70.6992
26	-440.723	-228.661	-68.6733	-75.1131
27	-444.278	-238.267	-70.0532	-75.8573
28	-454.187	-241.815	-71.5162	-77.3203
29	-458.592	-254.232	-72.409	-79.144
30	-465.519	-262.467	-73.5813	-81.2922
31	-468.553	-266.724	-76.7782	-84.601
32	-470.534	-270.812	-79.0097	-86.5823
33	-479.639	-279.133	-83.7096	-91.7972
34	-493.215	-289.969	-88.1308	-97.2183
35	-496.619	-295.515	-91.5356	-102.427
36	-522.378	-307.525	-93.1682	-104.772
37	-526.138	-311.333	-94.9725	-106.104
38	-530.084	-317.12	-98.9185	-112.141
39	-535.136	-320.659	-99.9141	-113.402
40	-551.903	-332.782	-101.089	-115.368
41	-571.508	-336.445	-102.696	-116.301
42	-575.699	-339.861	-103.69	-117.935
43	-579.901	-346.53	-107.379	-122.63
44	-607.147	-358.025	-112.009	-127.198
45	-612.591	-363.515	-115.22	-131.43
46	-612.696	-367.385	-116.373	-135.134
47	-630.87	-382.713	-118.305	-138.755
48	-647.797	-386.314	-119.285	-139.877
49	-652.879	-391.875	-122.664	-143.333
50	-655.412	-396.091	-124.702	-146.258
51	-665.724	-399.984	-125.804	-148.882
52	-673.8	-405.919	-129.169	-152.109
53	-686.596	-409.737	-131.099	-153.508
54	-698.927	-412.981	-132.354	-154.146
55	-720.386	-438.284	-139.008	-158.957
56	-725.455	-444.621	-141.542	-161.989
57	-740.824	-454.631	-145.853	-165.606
58	-755.547	-460.545	-148.694	-167.655
59	-758.642	-464.335	-150.426	-169.52
60	-765.021	-469.027	-152.647	-170.532
61	-778.938	-475.322	-154.663	-173.201
62	-806.34	-486.002	-156.097	-174.037
63	-811.774	-489.628	-158.434	-174.988
64	-846.145	-499.568	-160.08	-176.698
65	-854.069	-507.179	-163.557	-181.736
66	-860.169	-513.049	-164.227	-182.418
67	-872.132	-525.676	-165.962	-184.478
68	-882.062	-533.392	-170.548	-190.25
69	-888.097	-537.633	-171.393	-190.741
70	-902.382	-547.093	-178.08	-196.232
71	-926.195	-551.991	-178.781	-197.501
72	-931.308	-556.847	-181.006	-200.51
73	-952.773	-572.49	-181.636	-201.478
74	-967.708	-590.983	-184.522	-202.491
75	-968.627	-595.697	-186.004	-203.41
76	-983.516	-602.637	-189.423	-207.464
77	-991.498	-610.121	-191.804	-209.348
78	-1002.95	-623.26	-193.203	-210.429
79	-1012.93	-629.78	-196.729	-214.788
80	-1013.82	-633.37	-197.93	-217.878
81	-1062.66	-639.86	-200.449	-221.175
82	-1065.92	-643.275	-201.801	-222.133
83	-1109.47	-652.637	-203.223	-225.186
84	-1119.91	-667.689	-210.387	-230.499
85	-1124.03	-678.243	-212.59	-232.246
86	-1125.64	-682.361	-213.709	-234.328
87	-1129.14	-689.884	-217.211	-237.984
88	-1134.68	-693.44	-218.213	-240.537
89	-1156.24	-703.575	-221	-244.098
90	-1158.35	-707.257	-223.109	-245.045
91	-1160.8	-711.836	-225.08	-247.492
92	-1162.79	-715.913	-228.751	-249.483
93	-1165.88	-720.922	-230.415	-251.088
94	-1169.62	-725.689	-231.275	-252.612
95	-1170.88	-731.599	-232.864	-253.869
96	-1172.59	-735.489	-234.58	-255.487
97	-1177.68	-739.629	-235.859	-257.248
98	-1181.82	-745.778	-239.03	-261.389
99	-1185.44	-753.175	-241.812	-265.01
100	-1188.22	-758.61	-245.836	-267.795
101	-1196.55	-778.835	-250.334	-273.01
102	-1201.56	-783.765	-252.024	-274.248
103	-1204.26	-788.914	-253.155	-275.346
104	-1233.98	-795.429	-255.028	-278.075
105	-1234.83	-798.076	-255.436	-278.921
106	-1243.3	-803.003	-258.004	-280.967
107	-1253.57	-807.829	-259.754	-283.941
108	-1255.36	-811.747	-261.543	-287.984
109	-1270.64	-820.458	-266.903	-295.877
110	-1278.54	-825.937	-270.247	-299.367
111	-1288.32	-835.162	-273.367	-301.904
112	-1291.97	-839.643	-273.863	-303.126
113	-1301.53	-843.962	-275.933	-306.783
114	-1309.89	-851.024	-279.912	-310.743
115	-1313.11	-854.714	-280.968	-312.113
116	-1314	-862.444	-281.859	-313.596
117	-1320.16	-865.653	-282.653	-315.662
118	-1398.48	-895.61	-284.084	-317.332
119	-1409.2	-911.037	-286.867	-321.306
120	-1419.82	-917.03	-288.161	-324.076
121	-1453.87	-929.88	-291.497	-326.995
122	-1464.28	-935.325	-295.588	-330.137
123	-1469.39	-943.683	-300.248	-335.247
124	-1470.13	-947.044	-301.754	-335.986
125	-1473	-952.064	-302.512	-337.034
126	-1491.69	-959.335	-303.241	-338.411
127	-1495.79	-963.379	-305.471	-342.514
128	-1517.08	-967.411	-306.173	-343.688
129	-1533.19	-973.289	-308.583	-346.383
130	-1542.16	-977.505	-313.001	-348.587
131	-1557.05	-981.011	-315.074	-349.371
132	-1558.09	-984.13	-317.721	-350.414
133	-1561.04	-989.383	-320.959	-353.362
134	-1575.52	-1005.44	-322.509	-355.468
135	-1587.63	-1008.91	-324.01	-356.488
136	-1589.83	-1015.42	-326.206	-358.966
137	-1594	-1021.72	-328.336	-360.289
138	-1604.3	-1030.66	-332.34	-365.284
139	-1608.45	-1033.79	-333.072	-366.529
140	-1618.17	-1041.55	-336.834	-369.544
141	-1620.25	-1047.78	-338.314	-371.894
142	-1625.25	-1053.61	-341.712	-375.293
143	-1631.4	-1057.86	-343.034	-376.287
144	-1640.06	-1065.82	-348.404	-381.316
145	-1655.07	-1071.28	-349.927	-384.509
146	-1673.31	-1081.63	-352.122	-386.458
147	-1674.66	-1086.35	-353.474	-389.198
148	-1675.32	-1089.23	-354.966	-393.083
149	-1684.46	-1102.69	-359.283	-397.303
150	-1708.93	-1111.22	-361.789	-399.214
151	-1711.48	-1120.49	-364.165	-403.074
152	-1718.93	-1124.84	-365.34	-406.468
153	-1722.07	-1128.91	-367.242	-408.708
154	-1729.57	-1136.24	-371.512	-413.795
155	-1732.56	-1141.39	-374.591	-416.784
156	-1754.21	-1153.16	-377.237	-420.107
157	-1767.55	-1168.34	-378.81	-421.934
158	-1768.17	-1172.74	-379.422	-424.072
159	-1775.99	-1176.87	-380.238	-425.012
160	-1779.24	-1182.44	-381.245	-425.45
161	-1794.34	-1190.68	-386.499	-430.718
162	-1799.99	-1196.49	-389.191	-432.024
163	-1819.5	-1215.37	-392.984	-435.937
164	-1831.56	-1220.77	-397.549	-438.901
165	-1835.19	-1225.69	-400.129	-442.122
166	-1842.64	-1234.94	-404.799	-445.533
167	-1846.28	-1242.74	-406.576	-449.169
168	-1849.53	-1247.02	-407.941	-450.689
169	-1857.22	-1253.8	-410.726	-452.422
170	-1871.08	-1263.29	-414.077	-457.798
171	-1872.33	-1267.13	-416.512	-459.055
172	-1877.78	-1279.12	-421.957	-462.507
173	-1885.38	-1285.36	-425.336	-466.031
174	-1921.12	-1311.13	-427.385	-467.688
175	-1923.88	-1316.66	-429.934	-470.455
176	-1925.85	-1320.55	-432.026	-474.891
177	-1929.15	-1326.08	-433.933	-477.467
178	-1944.21	-1331.13	-436.546	-480.762
179	-1953.65	-1334.21	-437.301	-482.88
180	-1977.81	-1349.97	-438.043	-483.473
181	-1979.6	-1354.58	-439.832	-486.097
182	-1996.97	-1360.41	-442.585	-489.062
183	-2005.45	-1367.09	-445.221	-492.91
184	-2011.43	-1370.33	-445.856	-493.251
185	-2037.31	-1391	-448.102	-495.396
186	-2045.97	-1400.48	-450.533	-498.363
187	-2062.01	-1411.12	-451.024	-498.731
188	-2120.5	-1426.68	-452.747	-501.702
189	-2137.56	-1436.5	-456.697	-505.297
190	-2141.16	-1441.02	-458.374	-507.195
191	-2159.99	-1446.99	-460.913	-509.536
192	-2161.29	-1451.37	-462.841	-510.828
193	-2162.8	-1455.25	-464.352	-512.586
194	-2176.58	-1459.85	-465.798	-513.498
195	-2192.92	-1467.84	-470.03	-516.758
196	-2196.18	-1476.16	-473.293	-519.437
197	-2204.73	-1482.09	-478.459	-522.693
198	-2211.79	-1492.93	-481.834	-526.457
199	-2230.85	-1498.01	-483.995	-529.968
200	-2231.47	-1500.85	-484.616	-530.445
201	-2233.18	-1503.37	-484.932	-530.845
202	-2235.02	-1508.44	-485.884	-532.39
203	-2240.6	-1512.33	-487.145	-535.034
204	-2255.86	-1517.71	-489.709	-537.082
205	-2258.05	-1524.94	-491.884	-539.274
206	-2263.31	-1537.09	-498.393	-544.539
207	-2266.45	-1543.65	-501.535	-546.994
208	-2271.96	-1552.25	-504.014	-550.254
209	-2276.3	-1555.46	-504.87	-550.695
210	-2277.87	-1560.31	-505.646	-552.162
211	-2296.86	-1567.89	-510.278	-558.036
212	-2298.67	-1573.29	-511.496	-560.079
213	-2299.12	-1575.89	-513.946	-560.707
214	-2305.05	-1580.2	-515.921	-563.895
215	-2308.33	-1590.31	-517.149	-565.459
216	-2310.82	-1597.76	-520.269	-567.941
217	-2312.26	-1601.9	-521.482	-570.398
218	-2319.01	-1610.41	-526.837	-577.146
219	-2326.07	-1615.78	-528.919	-579.404
220	-2328.85	-1622.49	-531.703	-581.551
221	-2348.58	-1631.09	-534.723	-584.245
222	-2355.82	-1636.75	-538.202	-587.499
223	-2364.84	-1640.23	-540.073	-591.315
224	-2380.85	-1658.93	-542.575	-594.197
225	-2386.16	-1663.89	-545.307	-597.496
226	-2389.36	-1667.84	-547.095	-600.693
227	-2394.27	-1672.85	-550.423	-603.011
228	-2394.91	-1676.27	-551.06	-603.565
229	-2399.57	-1681.69	-554.363	-606.791
230	-2429.81	-1700.93	-558.043	-611.277
231	-2432.06	-1705.36	-560.108	-613.521
232	-2447.58	-1710.21	-561.651	-614.844
233	-2450	-1714.4	-562.642	-616.091
234	-2451.26	-1718.75	-563.904	-616.62
235	-2453.83	-1723.44	-566.585	-620.968
236	-2472.4	-1739.26	-567.184	-622.585
237	-2476.57	-1744.84	-567.805	-622.874
238	-2481.16	-1750.2	-568.322	-623.574
239	-2488.72	-1754.44	-569.872	-625.575
240	-2496.72	-1763.91	-576.295	-632.042
241	-2510.69	-1771.31	-577.324	-632.601
242	-2512.64	-1775.66	-580.036	-634.55
243	-2513.44	-1783.08	-580.844	-634.708
244	-2516.63	-1788.42	-584.026	-637.565
245	-2522.11	-1795.83	-587.535	-640.57
246	-2528.63	-1801.04	-589.041	-643.811
247	-2555.89	-1809.26	-592.955	-647.724
248	-2563.94	-1821.33	-595.118	-649.186
249	-2565.49	-1825.52	-596.188	-650.743
250	-2570.75	-1832.6	-598.552	-653.79
251	-2572.2	-1841.34	-600.002	-654.889
252	-2584.57	-1847.48	-603.456	-659.862
253	-2594.4	-1856.97	-608.083	-664.22
254	-2615.97	-1865.49	-611.525	-668.317
255	-2620.51	-1872.91	-615.978	-674.339
256	-2637.34	-1878.86	-618.957	-678.577
257	-2641.35	-1888.77	-622.173	-682.599
258	-2698.68	-1920.4	-626.167	-685.357
259	-2710.54	-1933.36	-628.145	-686.652
260	-2712.83	-1936.94	-630.432	-687.908
261	-2715.21	-1941.4	-632.392	-690.287
262	-2724.07	-1947.75	-634.928	-694.375
263	-2732.92	-1951.99	-636.006	-697.112
264	-2739.97	-1958.07	-638.087	-698.978
265	-2745.3	-1963.51	-641.181	-702.448
266	-2825.43	-2001.64	-644.706	-706.51
267	-2830	-2009.58	-648.765	-711.211
268	-2831.03	-2014.28	-650.511	-712.244
269	-2833.79	-2024.1	-653.271	-714.63
270	-2847.56	-2038.05	-655.718	-716.351
271	-2851.77	-2042.5	-657.744	-718.711
272	-2871.19	-2051.48	-660.121	-721.513
273	-2932.23	-2072.38	-667.279	-727.044
274	-2956.19	-2081.84	-670.214	-730.315
275	-2963.32	-2092	-672.063	-731.761
276	-2983	-2107.89	-673.614	-732.563
277	-3003.22	-2116.7	-676.693	-738.241
278	-3024.99	-2121.29	-677.222	-738.495
279	-3027.02	-2125.17	-679.254	-743.209
280	-3035.86	-2134.46	-681.339	-746.023
281	-3043.84	-2146.35	-683.233	-747.153
282	-3054.35	-2156.82	-684.016	-749.586
283	-3057.66	-2162.05	-684.668	-750.823
284	-3081.5	-2178.01	-686.145	-752.436
285	-3106.84	-2188.6	-686.522	-753.979
286	-3113.27	-2196.87	-692.953	-759.509
287	-3117.99	-2201.47	-693.835	-760.131
288	-3122.09	-2209.12	-697.929	-764.322
289	-3124.38	-2221.25	-700.226	-766.106
290	-3128.05	-2225.98	-701.964	-767.516
291	-3144.67	-2237.97	-706.102	-771.849
292	-3152.93	-2249.79	-710.688	-777.402
293	-3203.97	-2261.56	-712.2	-779.31
294	-3254.49	-2271.03	-715.111	-783.066
295	-3255.85	-2277.27	-719.446	-785.112
296	-3256.85	-2281.57	-720.373	-786.113
297	-3269.14	-2296.67	-723.826	-788.32
298	-3280.4	-2302.92	-726.029	-790.486
299	-3281.47	-2305.84	-726.161	-791.189
300	-3285.56	-2309.93	-727.803	-793.254
301	-3287.81	-2313.34	-730.054	-794.278
302	-3298.13	-2323.75	-732.422	-797.306
303	-3308.09	-2329.92	-736.158	-801.638
304	-3310.37	-2332.87	-736.889	-802.398
305	-3312.95	-2338.34	-737.57	-804.35
306	-3327.97	-2350.06	-746.877	-810.644
307	-3332.56	-2357	-749.068	-813.309
308	-3337.68	-2361.08	-750.824	-815.954
309	-3345.02	-2371.49	-756.694	-821.86
310	-3350.84	-2377.95	-757.493	-822.428
311	-3361.29	-2381.2	-757.765	-822.901
312	-3378.96	-2388.98	-759.91	-826.429
313	-3379.89	-2391.96	-761.808	-830.848
314	-3387.18	-2395.75	-763.331	-833.443
315	-3388.14	-2399.71	-763.681	-834.719
316	-3399.1	-2418.15	-767.794	-837.763
317	-3448.79	-2430.61	-769.698	-839.006
318	-3479.79	-2437.44	-769.989	-839.511
319	-3490.52	-2442.3	-771.31	-840.919
320	-3492.27	-2448.98	-773.062	-844.28
321	-3494.01	-2457.57	-773.773	-846.016
322	-3500.78	-2460.56	-774.997	-846.333
323	-3508.73	-2469.82	-777.498	-850.087
324	-3513.54	-2474.12	-779.7	-853.413
325	-3523.58	-2479.8	-782.628	-857.06
326	-3529.87	-2488.29	-788.914	-865.84
327	-3532.99	-2493.3	-792.032	-871.21
328	-3544.49	-2503.36	-793.235	-872.033
329	-3545.96	-2507.51	-794.706	-874.218
330	-3565.3	-2518.55	-796.867	-876.025
331	-3568.28	-2523.86	-798.015	-877.329
332	-3571.72	-2528.4	-800.274	-880.763
333	-3575.41	-2534.73	-808.586	-886.034
334	-3576.85	-2540.93	-810.023	-888.969
335	-3579.76	-2548.25	-812.329	-892.214
336	-3580.49	-2552.98	-813.061	-894.154
337	-3603.08	-2563.47	-816.07	-897.905
338	-3623.95	-2570.64	-817.793	-900.402
339	-3672.88	-2578.5	-820.063	-901.71
340	-3678.55	-2584.3	-823.031	-905.628
341	-3684.8	-2590.53	-825.349	-907.763
342	-3686.06	-2593.29	-826.608	-908.175
343	-3691.75	-2599.88	-831.288	-914.722
344	-3695.88	-2607.09	-833.688	-916.808
345	-3697.35	-2613.51	-835.157	-919.517
346	-3698.4	-2617.09	-836.784	-923.198
347	-3704.5	-2629.72	-842.882	-929.609
348	-3709.07	-2637.27	-847.456	-933.115
349	-3709.45	-2643.41	-847.83	-933.931
350	-3712	-2649.01	-849.641	-936.463
351	-3712.91	-2651.55	-850.732	-936.732
352	-3713.67	-2654.49	-851.497	-937.68
353	-3716.72	-2661.23	-854.538	-940.681
354	-3730.94	-2666.25	-856.565	-943.475
355	-3766.09	-2678.39	-859.926	-950.144
356	-3767.89	-2683.73	-863.953	-957.56
357	-3779	-2687.72	-865.205	-958.49
358	-3785.12	-2695.79	-867.186	-960.658
359	-3788.24	-2699.56	-870.094	-962.092
360	-3806.08	-2727.6	-872.197	-965.561
361	-3808.94	-2733.37	-876.714	-968.451
362	-3839.22	-2741.21	-877.655	-969.767
363	-3841.04	-2747.03	-878.831	-971.827
364	-3853.18	-2755.01	-879.325	-973.165
365	-3870.86	-2761.67	-881.754	-977.104
366	-3873.49	-2765.56	-884.386	-982.18
367	-3879.39	-2777.26	-886.529	-984.72
368	-3881.65	-2779.99	-888.716	-989.905
369	-3901.94	-2792.25	-897.42	-995.049
370	-3911.03	-2804.98	-906.507	-1002.24
371	-3937.21	-2816.88	-909.537	-1005.29
372	-3941.44	-2823.29	-913.768	-1008.68
373	-3947.88	-2834.29	-916.77	-1012.23
374	-3949.54	-2841.7	-918.624	-1013.24
375	-3959.85	-2846.88	-920.948	-1015.91
376	-3969.51	-2854.18	-926.038	-1021.08
377	-3987.11	-2874.53	-932.264	-1026.56
378	-4004.95	-2882.64	-940.222	-1031.78
379	-4007.23	-2887.82	-944.422	-1034.06
380	-4017.95	-2893.96	-947.238	-1037.36
381	-4019.02	-2897.3	-949.942	-1038.43
382	-4026.1	-2904.16	-954.411	-1042.19
383	-4033.19	-2914.46	-961.493	-1047.55
384	-4039.92	-2921.12	-968.221	-1051.05
385	-4069.83	-2929.27	-970.408	-1052.26
386	-4075.41	-2936.76	-975.754	-1056.87
387	-4101.63	-2952.74	-982.363	-1059.97
388	-4103.82	-2959.21	-986.579	-1061.95
389	-4118.64	-2964.69	-988.772	-1064.85
390	-4165.07	-2980.48	-991.709	-1065.94
391	-4168.44	-2986.62	-995.077	-1068.07
392	-4214.83	-3000.67	-1008.27	-1076.69
393	-4225.17	-3006.39	-1014.86	-1080.86
394	-4226.79	-3010.24	-1017.4	-1082.23
395	-4233.12	-3015.47	-1020.81	-1084.43
396	-4233.85	-3019.65	-1022.14	-1085.15
397	-4240.9	-3027.25	-1025.81	-1086.83
398	-4250.02	-3038.84	-1035.1	-1095.95
399	-4258.84	-3050.88	-1039.81	-1098.13
400	-4263.4	-3056.29	-1042.19	-1099.78
401	-4277.29	-3070.55	-1044.08	-1100.74
402	-4281.88	-3074.93	-1046.45	-1102.39
403	-4297.22	-3099.06	-1047.48	-1103.61
404	-4301.61	-3104.32	-1049.33	-1104.87
405	-4305.6	-3107.63	-1051	-1105.91
406	-4314.42	-3113.54	-1055.03	-1108.57
407	-4327.8	-3124.05	-1056.69	-1110.22
408	-4333.06	-3129.59	-1060.28	-1113.44
409	-4335.08	-3134.91	-1062.3	-1113.95
410	-4339.51	-3139.21	-1066.74	-1116.42
411	-4387.03	-3149.53	-1073.66	-1119.81
412	-4399.96	-3157.8	-1078.42	-1122.63
413	-4402.51	-3162.14	-1083.07	-1125.18
414	-4405.21	-3166.43	-1087.29	-1127.38
415	-4412.65	-3173.65	-1089.01	-1130.15
416	-4430.43	-3195.31	-1098.48	-1135.9
417	-4434.65	-3200.43	-1103.52	-1139.2
418	-4458.03	-3205.52	-1106.06	-1140.42
419	-4461.29	-3217.3	-1107.41	-1141.58
420	-4468.37	-3225.67	-1112.04	-1145.07
421	-4469.97	-3229.99	-1115.46	-1146.68
422	-4470.89	-3233.22	-1116.46	-1147.6
423	-4472.09	-3244.73	-1118.58	-1148.49
424	-4476.86	-3251.83	-1122.6	-1152.12
425	-4477.5	-3257.84	-1124.99	-1152.76
426	-4486.55	-3265.84	-1126.28	-1154.46
427	-4489.73	-3274.75	-1132.65	-1157.63
428	-4495.51	-3286.37	-1135.16	-1158.39
429	-4501.01	-3291.43	-1137.97	-1159.97
430	-4515.16	-3299.65	-1143.97	-1165.96
431	-4547.32	-3310.75	-1148.1	-1169.18
432	-4611.96	-3339.28	-1156.54	-1173.53
433	-4616.68	-3346.07	-1160.77	-1178.25
434	-4621.03	-3351.35	-1165.13	-1180.64
435	-4631.46	-3365.48	-1175.55	-1188.35
436	-4636.27	-3370.97	-1183.65	-1193.17
437	-4639.66	-3376.7	-1186.36	-1196.63
438	-4692.91	-3406.85	-1192.47	-1200.14
439	-4694.91	-3412.53	-1194.48	-1201.98
440	-4711.88	-3419.02	-1198.07	-1205.24
441	-4715.34	-3424.05	-1203.98	-1208.69
442	-4722	-3429.48	-1205.39	-1210.29
443	-4724.54	-3444.51	-1207.93	-1211.02
444	-4727.66	-3449.71	-1212.51	-1214.14
445	-4737.44	-3466.94	-1215.24	-1215.59
446	-4741.18	-3474.38	-1218.98	-1216.97
447	-4763.74	-3482.97	-1223.74	-1219.64
448	-4771.91	-3488.83	-1227.38	-1223.21
449	-4776.43	-3494.72	-1230.7	-1227.73
450	-4856.08	-3523.16	-1233.7	-1229.19
451	-4866.93	-3531.17	-1237.34	-1231.4
452	-4877.47	-3539.15	-1241.34	-1234.42
453	-4883.69	-3546.55	-1247.55	-1237.97
454	-4897.11	-3554.32	-1249.55	-1239.29
455	-4898.74	-3558.48	-1253.04	-1240.92
456	-4906.1	-3562	-1254.73	-1241.73
457	-4908.28	-3567.23	-1259.67	-1244.58
458	-4917.84	-3579.07	-1261.79	-1245.26
459	-4926.23	-3586.02	-1263.55	-1245.99
460	-4927.55	-3591.55	-1264.87	-1247.22
461	-4936.79	-3597.71	-1270.57	-1251.28
462	-4947.93	-3608.06	-1273.4	-1252.22
463	-4961.36	-3615.56	-1279.61	-1257.02
464	-4974.34	-3623.03	-1281.42	-1259.71
465	-4978.43	-3627.18	-1283.77	-1261.75
466	-4982.72	-3633.9	-1288.6	-1264.86
467	-4984.94	-3639.3	-1291.81	-1267.08
468	-5024.45	-3652.16	-1296.27	-1269.16
469	-5026.29	-3659.81	-1297.89	-1270.08
470	-5052.07	-3669.6	-1304.78	-1275.93
471	-5056.55	-3676.93	-1309.27	-1278.79
472	-5074.18	-3684.8	-1317.01	-1283.85
473	-5079.55	-3694.94	-1322.39	-1286.68
474	-5086.8	-3703.12	-1325.9	-1287.99
475	-5108.69	-3731.18	-1328.01	-1289.11
476	-5131.74	-3755.24	-1331.34	-1291.29
477	-5134.21	-3760.06	-1333.8	-1293.45
478	-5139.15	-3765.31	-1336.67	-1295.5
479	-5141.4	-3770.25	-1340.27	-1297.75
480	-5158.67	-3783.62	-1345.44	-1301.22
481	-5165.16	-3790.55	-1346.98	-1302.58
482	-5166.27	-3794.55	-1349.29	-1303.69
483	-5166.74	-3797.48	-1352.13	-1304.6
484	-5174.22	-3810.18	-1361.06	-1311.48
485	-5178.99	-3818.89	-1367.17	-1316.25
486	-5187.87	-3826.05	-1369.61	-1317.71
487	-5213.67	-3851	-1375.35	-1322.45
488	-5217.42	-3857.67	-1379.1	-1323.83
489	-5226.42	-3863.61	-1384.2	-1326.55
490	-5242.1	-3873.82	-1388.01	-1329.42
491	-5261.92	-3884.2	-1388.82	-1331.02
492	-5273.22	-3891.21	-1396.77	-1336.03
493	-5279.18	-3902	-1403.4	-1341.53
494	-5281.1	-3906.95	-1405.31	-1345.04
495	-5282.34	-3911.53	-1406.65	-1345.31
496	-5306.74	-3933.55	-1409.37	-1348.03
497	-5310.27	-3940	-1413.72	-1350.88
498	-5323.04	-3949.31	-1417.61	-1354.78
499	-5331.2	-3960.86	-1418.85	-1355
500	-5341.24	-3966.94	-1423.01	-1358.3
501	-5351.9	-3976.46	-1424.27	-1359.56
502	-5353.24	-3983.05	-1426.95	-1362.25
503	-5390.71	-3997.46	-1433.79	-1366.76
504	-5392.38	-4002.15	-1435.47	-1367.62
505	-5394.31	-4005.66	-1439.6	-1369.35
506	-5399.24	-4012.82	-1443.51	-1373.7
507	-5402.81	-4020.45	-1444.59	-1373.85
508	-5408.48	-4025.72	-1454.09	-1379.53
509	-5444.5	-4059.63	-1456.42	-1382.05
510	-5447.85	-4065.21	-1460.15	-1385.78
511	-5497.09	-4076.2	-1462.84	-1387.03
512	-5499.78	-4081.71	-1468.62	-1389.72
513	-5506.35	-4086.4	-1472.11	-1391.5
514	-5518.11	-4094.05	-1475.1	-1392.52
515	-5521.33	-4102.96	-1476.99	-1394.41
516	-5526.51	-4109.63	-1482.51	-1398.96
517	-5528.01	-4114.08	-1486.71	-1400.77
518	-5554.62	-4129.04	-1489.66	-1401.69
519	-5584.05	-4144.19	-1494.93	-1404.67
520	-5586.91	-4149.24	-1499.86	-1407.53
521	-5594.95	-4153.08	-1501.49	-1409.16
522	-5597.92	-4158.23	-1504.99	-1411.73
523	-5603.5	-4167.33	-1510.23	-1416.98
524	-5611.1	-4176.13	-1512.49	-1418.9
525	-5615.48	-4182.93	-1518.59	-1423.47
526	-5630.15	-4190.37	-1521.96	-1426.46
527	-5631.16	-4193.7	-1524.18	-1428.68
528	-5637.74	-4197.95	-1526.04	-1430.43
529	-5640.52	-4206.23	-1528.82	-1432.81
530	-5642.82	-4210.21	-1534.03	-1435.58
531	-5647.49	-4216.67	-1538.95	-1439.1
532	-5651.03	-4227.67	-1539.8	-1439.95
533	-5672.51	-4237.91	-1547.11	-1445.45
534	-5677.16	-4245.59	-1549.26	-1447.61
535	-5697.29	-4258.95	-1550.54	-1449.27
536	-5709.99	-4265.3	-1551.43	-1449.54
537	-5751.77	-4277.3	-1552.34	-1449.99
538	-5757.84	-4292.04	-1555.97	-1452.6
539	-5761.87	-4295.71	-1557.52	-1454.15
540	-5765.41	-4302.72	-1561.05	-1455.86
541	-5766.89	-4306.5	-1562.54	-1456.81
542	-5768.58	-4314.89	-1568.08	-1459.59
543	-5773.37	-4327.74	-1576.91	-1464.38
544	-5783.73	-4332.01	-1578.59	-1466.06
545	-5785.05	-4335	-1579.91	-1467.38
546	-5802.68	-4346.7	-1585.69	-1473.16
547	-5805.28	-4353.61	-1589.32	-1476.78
548	-5806.75	-4359.95	-1589.59	-1477.05
549	-5815.7	-4367.05	-1594.05	-1481.55
550	-5826.63	-4373.95	-1599.22	-1484.83
551	-5840.63	-4380.25	-1603.66	-1489.27
552	-5843.74	-4386.45	-1605.37	-1490.98
553	-5907.58	-4401.59	-1614.58	-1496.96
554	-5927.03	-4414.83	-1616.65	-1498.55
555	-5931.64	-4422.7	-1621.46	-1502.55
556	-5959.7	-4432.79	-1626.11	-1504.95
557	-5973.28	-4437.92	-1628.37	-1507.21
558	-5982.44	-4448.34	-1635.26	-1513.35
559	-6008.11	-4455.15	-1637.7	-1515.71
560	-6011.5	-4460.96	-1639.41	-1518.77
561	-6012.65	-4467.31	-1642.57	-1520.22
562	-6024.88	-4477.85	-1649.34	-1526.49
563	-6032.52	-4485.16	-1656.98	-1530.88
564	-6039.99	-4488.42	-1660.6	-1532.24
565	-6070.58	-4493.84	-1665.63	-1534.78
566	-6091.74	-4501.76	-1671.76	-1540.52
567	-6105.3	-4514.46	-1675.72	-1542.18
568	-6109.41	-4527.28	-1678.22	-1542.84
569	-6172.43	-4537.25	-1680.63	-1544.28
570	-6174.3	-4541.96	-1680.99	-1546.16
571	-6176.32	-4549.84	-1683.22	-1547.53
572	-6183.63	-4557.38	-1685.69	-1549.82
573	-6192.49	-4571.76	-1695.04	-1558.68
574	-6301.26	-4633.26	-1699.44	-1561.4
575	-6305.52	-4641.12	-1702.99	-1564.94
576	-6307.87	-4644.5	-1706.67	-1566.59
577	-6387.25	-4660.57	-1707.31	-1566.77
578	-6392.02	-4663.25	-1707.73	-1567.41
579	-6406.51	-4668.34	-1710.34	-1569.14
580	-6411.77	-4673.95	-1715.6	-1571.99
581	-6424.67	-4686.91	-1719.92	-1574.51
582	-6428.81	-4690.11	-1721.71	-1575.36
583	-6432.17	-4696.18	-1725.07	-1578.71
584	-6444.25	-4706.05	-1729.02	-1582.66
585	-6481.75	-4715.46	-1730.14	-1583.78
586	-6501.29	-4729.66	-1736.48	-1588.75
587	-6502.92	-4736.49	-1744.18	-1592.91
588	-6507.11	-4743.19	-1748.37	-1595.37
589	-6511.94	-4749.98	-1749.62	-1596.62
590	-6531.7	-4756.86	-1753.62	-1600.51
591	-6532.46	-4760.31	-1754.71	-1601.61
592	-6537.41	-4765.4	-1759.66	-1603.81
593	-6553.97	-4778.58	-1762.93	-1607.42
594	-6557.94	-4791.23	-1766.9	-1611.39
595	-6562.46	-4798.87	-1767.87	-1612.87
596	-6574.49	-4810.26	-1772.74	-1616.31
597	-6605.95	-4820.39	-1777.66	-1618.93
598	-6610.28	-4826.47	-1781.98	-1621.97
599	-6629.94	-4843.96	-1786.57	-1624.58
600	-6635.03	-4849.18	-1789.07	-1627.08
601	-6638.27	-4855.86	-1792.83	-1630.32
602	-6641.11	-4861.78	-1794.62	-1632.11
603	-6647.44	-4864.89	-1795.16	-1632.65
604	-6686.87	-4881.68	-1795.98	-1633.47
605	-6694.06	-4892.44	-1799.46	-1634.73
606	-6703.86	-4904.28	-1801.9	-1637.17
607	-6707.89	-4909.92	-1804.27	-1639.37
608	-6716.97	-4918.54	-1810.39	-1643.05
609	-6720.33	-4925.18	-1815.4	-1646.5
610	-6731.95	-4931.65	-1822.23	-1650.16
611	-6738.67	-4937.31	-1825.87	-1652.23
612	-6739.65	-4945	-1830.04	-1654.07
613	-6743.14	-4951.8	-1833.53	-1656.22
614	-6745.67	-4956.58	-1837.62	-1658.66
615	-6760.37	-4968.01	-1844.21	-1663.31
616	-6773.23	-4972.18	-1848.42	-1665.21
617	-6774.19	-4978.39	-1849.38	-1666.17
618	-6778.22	-4984.83	-1852.18	-1668.97
619	-6808.06	-4996.28	-1853.21	-1669.99
620	-6811.78	-5001.11	-1855.08	-1672.01
621	-6832.09	-5028.16	-1859.23	-1673.75
622	-6860.61	-5033.26	-1860.03	-1675.23
623	-6864.49	-5040.33	-1863.91	-1677.76
624	-6866.28	-5044.63	-1866.8	-1679.32
625	-6869.38	-5052.77	-1869.89	-1681.57
626	-6880.99	-5061.67	-1873.52	-1683.6
627	-6902.3	-5069.23	-1875.23	-1684.23
628	-6907.79	-5076.5	-1880.72	-1687.93
629	-6908.23	-5079.18	-1882.14	-1688.37
630	-6911.84	-5082.49	-1883.09	-1689.92
631	-6928.39	-5094.26	-1887.25	-1694.08
632	-6931.72	-5107.4	-1887.77	-1694.59
633	-6941.97	-5112.98	-1893.71	-1697.71
634	-6977.03	-5136.72	-1902.6	-1704.1
635	-6980.09	-5142.82	-1907.03	-1707.17
636	-6981.71	-5146.56	-1908.62	-1708.76
637	-6990.72	-5152.07	-1912.03	-1712.17
638	-6993.17	-5159.27	-1915.51	-1718.2
639	-6993.75	-5161.6	-1916.71	-1718.33
640	-6996.53	-5166.58	-1918.27	-1719.9
641	-7018.43	-5176.47	-1923.05	-1724.08
642	-7023.25	-5185.75	-1925.85	-1726.31
643	-7068.49	-5205.35	-1929.26	-1728.14
644	-7070.84	-5212.72	-1932.98	-1730.5
645	-7075.68	-5220.13	-1937.82	-1733.98
646	-7076.96	-5224.75	-1939.29	-1735.25
647	-7085.01	-5228.18	-1941.12	-1736.34
648	-7102.05	-5234.14	-1944.14	-1737.67
649	-7103.48	-5238.48	-1947.19	-1739.1
650	-7115.96	-5244.28	-1947.8	-1739.71
651	-7128.53	-5252.49	-1951.62	-1743.54
652	-7133.37	-5257.94	-1953.68	-1746.19
653	-7141.72	-5264.51	-1953.92	-1746.43
654	-7149.02	-5270.48	-1957.18	-1749.88
655	-7156.08	-5275.2	-1959.01	-1751.27
656	-7162.51	-5280.11	-1962.28	-1752.75
657	-7171.43	-5288.15	-1966.35	-1755.72
658	-7176.33	-5292.23	-1968.8	-1757.26
659	-7189.55	-5294.91	-1971.78	-1758.07
660	-7190.42	-5303.7	-1974.71	-1758.94
661	-7195.23	-5306.66	-1977.91	-1760.3
662	-7200.5	-5318.36	-1978.65	-1761.04
663	-7201.45	-5321.56	-1979.6	-1762.09
664	-7225.83	-5331.23	-1985.54	-1764.9
665	-7227.77	-5341.04	-1989.44	-1766.83
666	-7242.07	-5351.18	-1991.94	-1768.35
667	-7260.32	-5367.59	-1998.95	-1772.16
668	-7262.26	-5374.34	-2002.91	-1773.95
669	-7263.81	-5378.47	-2006.9	-1775.98
670	-7267.57	-5385.99	-2010.67	-1779.5
671	-7271.37	-5390.27	-2014.31	-1781.64
672	-7278.7	-5396.15	-2016.77	-1784.1
673	-7303.35	-5411.41	-2019.91	-1785.71
674	-7312.22	-5414.12	-2020.21	-1786
675	-7325.25	-5419.62	-2023.63	-1789.57
676	-7328.37	-5427.98	-2029.62	-1792.69
677	-7339.66	-5434.95	-2033.02	-1796.09
678	-7343.9	-5444.48	-2037.25	-1798.14
679	-7344.35	-5451.07	-2039.55	-1798.76
680	-7346.84	-5456.04	-2042.33	-1801.25
681	-7355.53	-5464.56	-2044.88	-1802.99
682	-7391.31	-5479.94	-2049.28	-1805.69
683	-7404.06	-5486.05	-2052.1	-1808.52
684	-7444.03	-5502.37	-2053.5	-1808.83
685	-7513.93	-5550.32	-2058.1	-1813.68
686	-7518.21	-5555.62	-2062.37	-1815.53
687	-7523.55	-5563.31	-2066.56	-1819.5
688	-7530.5	-5567.38	-2069.29	-1822.24
689	-7532.26	-5575.98	-2071.06	-1823.38
690	-7537.01	-5583.3	-2075.81	-1826.34
691	-7539.85	-5589.33	-2080.32	-1829.18
692	-7645.5	-5617.82	-2083.99	-1831.07
693	-7651.14	-5621.73	-2085.56	-1832.53
694	-7652.14	-5625.16	-2089.24	-1836.21
695	-7657.55	-5630.97	-2092.11	-1838.04
696	-7661.63	-5637.69	-2094.12	-1840.05
697	-7683.69	-5656.16	-2099.43	-1842.72
698	-7688.33	-5660.25	-2101.47	-1844.1
699	-7694.45	-5665.06	-2104.97	-1846.4
700	-7699.24	-5669.72	-2106.84	-1848.28
701	-7714.44	-5674.68	-2109.69	-1850.46
702	-7715.85	-5678.62	-2112.1	-1852.87
703	-7716.24	-5682.69	-2112.5	-1853.27
704	-7717.7	-5686.96	-2113.96	-1854.73
705	-7720	-5690.86	-2116.3	-1856.31
706	-7721.92	-5694.3	-2117.24	-1857.25
707	-7728.46	-5705.48	-2123.78	-1860.57
708	-7730.13	-5709.35	-2125.98	-1862.77
709	-7748.16	-5722.85	-2130.64	-1866.06
710	-7760.03	-5729	-2135.22	-1869.26
711	-7766.25	-5737.63	-2141.49	-1874.72
712	-7779.47	-5743.38	-2142.12	-1875.98
713	-7787.85	-5752.54	-2147.74	-1881.59
714	-7789.29	-5755.39	-2148.78	-1882.64
715	-7826.98	-5767.78	-2151.44	-1884.91
716	-7845.51	-5778.05	-2155.49	-1889.2
717	-7855.8	-5785.1	-2159.68	-1892.66
718	-7864.45	-5790.81	-2163.25	-1896.46
719	-7878.56	-5799.64	-2168.91	-1900.17
720	-7888.54	-5804.02	-2172.03	-1902.03
721	-7891.18	-5809.02	-2174.57	-1904.58
722	-7896.24	-5814.5	-2178.91	-1907.6
723	-7898.44	-5817.35	-2179.5	-1908.19
724	-7910.24	-5820.91	-2181.85	-1909.41
725	-7968.02	-5849.73	-2185.43	-1911.33
726	-7968.76	-5852.51	-2186.18	-1912.08
727	-7969.16	-5855.88	-2187.74	-1912.3
728	-7979.75	-5869.7	-2198.34	-1920.43
729	-7997.28	-5879.03	-2200.38	-1922.46
730	-7998.47	-5882.09	-2201.4	-1923.48
731	-8033.3	-5900.98	-2204.89	-1925.23
732	-8068.78	-5913.76	-2207.05	-1927.12
733	-8073.04	-5921.94	-2211.32	-1929.88
734	-8085.13	-5927.15	-2213.9	-1932.46
735	-8098.64	-5940.28	-2215.26	-1933.82
736	-8103.55	-5945.46	-2218.34	-1936.5
737	-8104.98	-5949.11	-2222.11	-1938.25
738	-8129.2	-5970.37	-2225.48	-1940.43
739	-8133.88	-5974.23	-2226.89	-1942.73
740	-8148.62	-5978.59	-2228.91	-1945.72
741	-8174.84	-5995.3	-2234.57	-1950.01
742	-8183.54	-6010.03	-2240.41	-1954.44
743	-8185.68	-6014.69	-2243.98	-1956.59
744	-8187.38	-6017.65	-2246.41	-1957.25
745	-8219.42	-6038.52	-2252.82	-1961.15
746	-8254.89	-6057.31	-2257.43	-1964.18
747	-8256.72	-6062.22	-2259.26	-1965.23
748	-8266.55	-6068.86	-2265.06	-1968.51
749	-8270.11	-6075.98	-2270.62	-1972.07
750	-8276.69	-6080.97	-2274.92	-1974.67
751	-8277.81	-6084.77	-2278.46	-1975.8
752	-8294.23	-6104.54	-2285.08	-1979.79
753	-8298.13	-6109.12	-2287.63	-1982.34
754	-8330.04	-6116.42	-2291.29	-1985
755	-8338.67	-6127.73	-2294.63	-1988.05
756	-8345	-6135.01	-2300.97	-1992.89
757	-8350.67	-6142.43	-2304.14	-1995.09
758	-8353.82	-6149.75	-2310.43	-1998.23
759	-8380.95	-6169.69	-2315.94	-2002.26
760	-8408.88	-6178.89	-2321.89	-2006.46
761	-8412.7	-6181.81	-2325.71	-2007.8
762	-8414.88	-6186.11	-2327.88	-2009.97
763	-8415.93	-6192.79	-2330.33	-2012.43
764	-8417.48	-6197.43	-2331.88	-2013.97
765	-8425.34	-6208.52	-2334.24	-2015.83
766	-8434.9	-6212.27	-2335.7	-2016.99
767	-8436.82	-6216.36	-2337.62	-2018.94
768	-8491.36	-6256.99	-2340	-2019.82
769	-8505.09	-6267.85	-2345.24	-2022.99
770	-8508.02	-6274.28	-2346.31	-2024.06
771	-8514.25	-6280.29	-2349.61	-2028.09
772	-8536.02	-6289.54	-2352.22	-2029.71
773	-8543.77	-6307.61	-2355.08	-2030.54
774	-8545.53	-6312.43	-2359.37	-2032.85
775	-8578.55	-6320.55	-2366.08	-2036.79
776	-8700	-6351.03	-2368.62	-2037.56
777	-8707.74	-6356.74	-2370.24	-2038.36
778	-8715.13	-6362.17	-2372.02	-2039.6
779	-8717.5	-6366.92	-2374.4	-2041.82
780	-8725.8	-6374.34	-2377.41	-2044.84
781	-8731.57	-6381.3	-2380.34	-2047.77
782	-8732.97	-6391.78	-2382.69	-2049.17
783	-8734.73	-6396.06	-2385.44	-2051.93
784	-8756.91	-6406.71	-2388.9	-2055.39
785	-8769.92	-6418.66	-2397.44	-2061.03
786	-8777.99	-6429.49	-2402.55	-2064.78
787	-8781.78	-6434.76	-2406.34	-2068.57
788	-8791.25	-6442.92	-2410.8	-2073.31
789	-8795.01	-6449.8	-2414.55	-2075.99
790	-8799.41	-6468.22	-2419.94	-2078.77
791	-8807.9	-6475.58	-2424.53	-2080.98
792	-8813.38	-6482.51	-2428.93	-2085.38
793	-8816.63	-6489	-2430.54	-2086.89
794	-8819.6	-6500.06	-2435.86	-2089.87
795	-8833.48	-6509.85	-2438.7	-2092.17
796	-8839.44	-6520.57	-2441.88	-2094.06
797	-8843.02	-6529.32	-2446	-2097.64
798	-8847.63	-6539.67	-2450.61	-2101.82
799	-8850.65	-6543.06	-2453.62	-2103.16
800	-8862.3	-6552.16	-2456.81	-2106.35
801	-8865.34	-6558.27	-2460.78	-2109.39
802	-8870.27	-6563.4	-2464.1	-2112.65
803	-8875.37	-6566.9	-2464.93	-2113.64
804	-8880.9	-6571.82	-2465.97	-2114.69
805	-8902.22	-6588.55	-2470.2	-2116.59
806	-8909.91	-6592.26	-2471.71	-2118.59
807	-8912.57	-6596.43	-2474.67	-2120.9
808	-8914.32	-6600.44	-2476.41	-2122.65
809	-8925.86	-6605.19	-2477.29	-2123.53
810	-8931.86	-6620.67	-2478.19	-2124.42
811	-8933.58	-6629.96	-2479.27	-2125.5
812	-8936.5	-6639.36	-2483.88	-2128.42
813	-8945.4	-6642.63	-2484.98	-2129.52
814	-8946.02	-6645.26	-2485.55	-2130.1
815	-8949.19	-6652.07	-2490.19	-2133.26
816	-8950.8	-6656.48	-2491.81	-2134.88
817	-8953.42	-6661.24	-2494.12	-2137.19
818	-8965.92	-6665.82	-2496.31	-2139.38
819	-8968.65	-6679.86	-2502.23	-2142.1
820	-8970.89	-6684.45	-2503.36	-2143.23
821	-8972.69	-6693.66	-2505.59	-2145.03
822	-8985.22	-6697.22	-2505.84	-2145.28
823	-8987.63	-6706.26	-2508.25	-2146.25
824	-9006.13	-6717.38	-2510.51	-2148.32
825	-9007.73	-6720.9	-2511.6	-2148.89
826	-9054.53	-6734.99	-2513.37	-2150.67
827	-9079.25	-6748.51	-2523.02	-2158.37
828	-9085.05	-6756.24	-2527.23	-2162.43
829	-9099.51	-6762.77	-2531.21	-2166.07
830	-9102.67	-6768.39	-2535.43	-2169.1
831	-9105	-6772.79	-2537.76	-2171.43
832	-9125.67	-6779.36	-2540.91	-2175.64
833	-9136.79	-6801.75	-2543.84	-2178.56
834	-9147.64	-6806.98	-2545.94	-2180.67
835	-9178.77	-6817.79	-2550.84	-2184.91
836	-9209.38	-6828.57	-2552.32	-2186.8
837	-9216	-6836.58	-2557.91	-2192.39
838	-9221.86	-6842.82	-2561.46	-2196.31
839	-9225.54	-6856.25	-2565.13	-2199.98
840	-9228.79	-6861.75	-2568.39	-2203.59
841	-9231.67	-6866.56	-2569.34	-2204.74
842	-9233.77	-6873.03	-2570.85	-2206.25
843	-9236.38	-6878.88	-2573.45	-2207.8
844	-9237.5	-6882.09	-2574.64	-2208.92
845	-9239.55	-6887.49	-2578.94	-2211.36
846	-9243.75	-6892.56	-2586.43	-2215.56
847	-9244.59	-6895.15	-2586.92	-2216.05
848	-9256.06	-6910.09	-2590.16	-2219.3
849	-9258.93	-6928.91	-2593.03	-2220.5
850	-9260.24	-6935.28	-2594.34	-2221.81
851	-9277.03	-6942.25	-2597.37	-2225.23
852	-9278.81	-6947.1	-2600.86	-2227.01
853	-9294.27	-6955.61	-2606.13	-2231.96
854	-9306.93	-6959.88	-2608.35	-2233.85
855	-9309.11	-6964.82	-2610.53	-2236.02
856	-9315.78	-6973.86	-2615.62	-2241.1
857	-9317.89	-6976.75	-2616.18	-2241.66
858	-9348.28	-6995.61	-2620.61	-2243.46
859	-9360.31	-7000.56	-2622.42	-2245.28
860	-9366.19	-7016.26	-2624.58	-2247.44
861	-9426.82	-7043.47	-2630.22	-2251.35
862	-9433.65	-7046.86	-2631.1	-2253.22
863	-9450.59	-7052.31	-2632.73	-2254.87
864	-9472.57	-7064.72	-2633.64	-2256.09
865	-9514.17	-7069.75	-2635.81	-2257.02
866	-9516.5	-7075.38	-2638.17	-2258.62
867	-9527.54	-7084.02	-2644.18	-2264.32
868	-9544.82	-7088.87	-2645.4	-2265.28
869	-9552.38	-7096.12	-2652.96	-2270.18
870	-9572.13	-7109.75	-2656.85	-2271.91
871	-9574.27	-7115.77	-2663.23	-2275.5
872	-9578.4	-7120.42	-2665.78	-2278.03
873	-9589.42	-7132.27	-2669.8	-2280.43
874	-9595.72	-7140.6	-2675.75	-2286.38
875	-9599.95	-7145.45	-2677.62	-2287.48
876	-9601.01	-7149.61	-2678.68	-2287.89
877	-9608.84	-7155.73	-2681.08	-2291.44
878	-9609.76	-7158.79	-2682.42	-2292.36
879	-9614.26	-7163.95	-2685.34	-2295.28
880	-9655.79	-7176.54	-2687.75	-2296.48
881	-9664.12	-7185.67	-2693.85	-2301.7
882	-9670.13	-7191	-2697	-2305.47
883	-9671.81	-7194.79	-2698.68	-2308.82
884	-9687.36	-7204.16	-2702.59	-2313.52
885	-9714.79	-7217.95	-2707.02	-2315.91
886	-9715.7	-7223.24	-2707.93	-2316.82
887	-9721.08	-7239.07	-2710.91	-2319.79
888	-9723.88	-7244.49	-2713.83	-2322.71
889	-9727.9	-7247.31	-2714.71	-2323.11
890	-9749.71	-7254.19	-2716.82	-2325.69
891	-9753.98	-7261.58	-2720.91	-2329.78
892	-9756.03	-7265.47	-2722.63	-2331.83
893	-9766.79	-7271.64	-2723.92	-2333.03
894	-9790.63	-7280	-2727.66	-2335.45
895	-9797.77	-7284.89	-2730.15	-2337.86
896	-9799.84	-7292.69	-2732.22	-2339.93
897	-9821.1	-7300.5	-2739.16	-2345.18
898	-9823.73	-7305.16	-2743.09	-2347.15
899	-9827.3	-7309.41	-2744.82	-2349.03
900	-9830.09	-7313.42	-2746.8	-2351.01
901	-9837.83	-7328.27	-2751.22	-2355.44
902	-9838.92	-7334.84	-2755.17	-2359.38
903	-9839.59	-7341.52	-2755.52	-2359.73
904	-9847.17	-7347.51	-2758.18	-2362.16
905	-9870.6	-7359.06	-2763.94	-2365.05
906	-9878.48	-7371.31	-2768.33	-2367.48
907	-9882.31	-7378.3	-2772.78	-2370.84
908	-9886.76	-7383.34	-2775.26	-2373.32
909	-9913.68	-7403.18	-2782.37	-2377
910	-9929.92	-7409.86	-2787.75	-2381.54
911	-9934.39	-7416.45	-2793.6	-2386.01
912	-9935.47	-7420.12	-2795.45	-2387.09
913	-9941.23	-7423.94	-2797.06	-2388.71
914	-9942.53	-7432.63	-2798.36	-2390.01
915	-9982.78	-7443.57	-2802.46	-2391.44
916	-9989.38	-7450.37	-2804.92	-2393.9
917	-9992.95	-7453.92	-2806.48	-2397.47
918	-9994.4	-7457.87	-2808.47	-2399.46
919	-9995.24	-7460.72	-2810.51	-2400.3
920	-10004.8	-7469.52	-2812.93	-2402.71
921	-10016	-7478.05	-2819.31	-2409.09
922	-10020.4	-7482.18	-2820.95	-2411.63
923	-10024.2	-7489.31	-2824.81	-2413.61
924	-10028.3	-7495.33	-2828.83	-2417.26
925	-10034.1	-7512.97	-2832.04	-2419.3
926	-10050.7	-7522.55	-2833.55	-2422.29
927	-10058.7	-7532.33	-2836.22	-2424.96
928	-10084	-7536.78	-2837.38	-2425.9
929	-10088.9	-7543.2	-2840.15	-2428.15
930	-10100.4	-7547.99	-2844.85	-2431.18
931	-10102.4	-7557.93	-2846.35	-2432.69
932	-10187.1	-7588.02	-2849.96	-2434.74
933	-10203.2	-7595.58	-2855.55	-2440.33
934	-10207.2	-7603.21	-2856.93	-2442.63
935	-10211.4	-7618.42	-2859.41	-2445.04
936	-10224.8	-7623.47	-2860.82	-2446.45
937	-10236.3	-7631.5	-2868.15	-2450.87
938	-10237.4	-7638.04	-2870.23	-2451.99
939	-10241	-7643.5	-2873.83	-2454.6
940	-10250.3	-7652.75	-2879.56	-2460.66
941	-10256.2	-7663.5	-2883.63	-2464.48
942	-10272	-7675.51	-2886.49	-2467.34
943	-10277.2	-7680.57	-2889.13	-2469.99
944	-10279.9	-7688.68	-2890.85	-2471.7
945	-10321.6	-7709.85	-2891.83	-2472.41
946	-10323.6	-7714	-2893.74	-2474.32
947	-10339.1	-7721.59	-2895.98	-2475.21
948	-10382.8	-7742.5	-2897.04	-2476.3
949	-10413.1	-7750.43	-2900.74	-2480
950	-10418.8	-7755.05	-2902.34	-2481.6
951	-10427.7	-7764.8	-2903.08	-2482.64
952	-10437.7	-7772.4	-2908.58	-2485.18
953	-10462.4	-7788.11	-2913.29	-2488.66
954	-10479.3	-7793.34	-2915.21	-2490.54
955	-10486.6	-7804.22	-2916.57	-2491.9
956	-10495.6	-7810.76	-2921.53	-2494.49
957	-10501.2	-7818.05	-2924.15	-2495.59
958	-10506.2	-7821.96	-2925.38	-2498.61
959	-10508.5	-7825.24	-2926.15	-2499.43
960	-10512.1	-7827.86	-2926.55	-2499.83
961	-10520.9	-7838.07	-2929.04	-2501.38
962	-10533.5	-7843	-2930.56	-2502.21
963	-10540.4	-7846.52	-2931.38	-2504.07
964	-10559.5	-7858.2	-2934.27	-2506.71
965	-10560.3	-7861.95	-2935.68	-2507.48
966	-10622.7	-7871.04	-2940.66	-2510.36
967	-10626.6	-7876.46	-2943.69	-2513.97
968	-10630.6	-7888.64	-2947.72	-2518
969	-10654.5	-7896.35	-2951.62	-2520.68
970	-10660.3	-7899.99	-2952.64	-2521.6
971	-10673	-7905.96	-2953.89	-2522.04
972	-10676.2	-7913.55	-2959.09	-2525.2
973	-10679.7	-7926.87	-2965.69	-2529.04
974	-10683.9	-7935.92	-2968.71	-2532.05
975	-10685.5	-7939.81	-2970.31	-2532.6
976	-10690.6	-7944.26	-2972.07	-2533.98
977	-10692.5	-7950.78	-2973.91	-2535.82
978	-10707.5	-7958.13	-2978.24	-2540.15
979	-10713.8	-7965.17	-2980.13	-2542.04
980	-10721.7	-7974.93	-2986.22	-2547.88
981	-10724.6	-7984.28	-2987.88	-2548.45
982	-10744.3	-7991.92	-2991.86	-2550.23
983	-10754.4	-7998.34	-2995.69	-2554.05
984	-10869.9	-8012.26	-2997.34	-2554.5
985	-10873	-8020.77	-3000.47	-2557.28
986	-10874.9	-8027.67	-3002.34	-2559.14
987	-10881.1	-8034.97	-3004.34	-2561.14
988	-10887.6	-8042.39	-3008.32	-2564.13
989	-10889	-8046.41	-3009.73	-2565.54
990	-10894.8	-8055.11	-3013.04	-2567.87
991	-10903.1	-8059.09	-3015.52	-2569.36
992	-10914.5	-8065.98	-3018.76	-2571
993	-10918.8	-8072.38	-3022.55	-2575.72
994	-10945.3	-8081.32	-3025.34	-2578.33
995	-10947.8	-8087.17	-3027.83	-2580.73
996	-10958.8	-8101.15	-3034.88	-2585.26
997	-10964.9	-8110.61	-3041.23	-2591.61
998	-10981.3	-8113.24	-3041.89	-2592.27
999	-10984.4	-8120.19	-3043.36	-2593.79
1000	-10989.5	-8135.1	-3044.36	-2594.59
